------------------------------------------------------------------------------------------------------------------------------------
                                                 Dump 30 pri.reg. Compl. Mestre Mercadorias/Servico                    Página:     1
-------------------------------------------------------------------------------------------------------------- TODAY - 00:00:00

SEQUENCIA POS. ++++.++++1++++.++++2++++.++++3++++.++++4++++.++++5++++.++++6++++.++++7++++.++++8++++.++++9++++.+++10

 0000001    1  551    000000111010520110000000000000000000000000000000000000000000000000000000000000000000000000000
          101  0000000000000000000000000000000000000000000000000000000000000000000000000000000000000000000000000000
          201  00000000000000                                                                                      
 0000002    1  011    123456789010520110000000000000000000000000000000000000000000000000000000000000000000000000000
          101  0000000000000000000000000000000000000000000000000000000000000000000000000000000000000000000000000000
          201  00000000000000                                                                                      
 0000003    1  015    004052011010520110000000000000000000000000000000000000000000000000000000000000000000000000000
          101  0000000000000000000000000000000000000000000000000000000000000000000000000000000000000000000000000000
          201  00000000000000                                                                                      
 0000004    1  015    005052011010520110000000000000000000000000000000000000000000000000000000000000000000000000000
          101  0000000000000000000000000000000000000000000000000000000000000000000000000000000000000000000000000000
          201  00000000000000                                                                                      
 0000005    1  015    006052011010520110000000000000000000000000000000000000000000000000000000000000000000000000000
          101  0000000000000000000000000000000000000000000000000000000000000000000000000000000000000000000000000000
          201  00000000000000                                                                                      
 0000006    1  015    008052011010520110000000000000000100000000000000000098630000000000000000100000000000000000183
          101  7900000000000000000000000000000000000000000000000000000000000000000000000000000000000000000000000000
          201  00000000000000                                                                                      
 0000007    1  015    009052011010520110000000000000000100000000000000000047560000000000000000100000000000000000111
          101  1900000000000000000000000000000000000000000000000000000000000000000000000000000000000000000000000000
          201  00000000000000                                                                                      
 0000008    1  015    009252011010520110000000000000000100000000000000000031580000000000000000100000000000000000074
          101  3300000000000000000000000000000000000000000000000000000000000000000000000000000000000000000000000000
          201  00000000000000                                                                                      
 0000009    1  015    009352011010520110000000000000001000000000000000000099990000000000000001000000000000000000999
          101  9900000000000000000000000000000000000000000000000000000000000000000000000000000000000000000000000000
          201  00000000000000                                                                                      
 0000010    1  555    000075096030520110000000000000000000000000000000000000000000000000000000000000000000000000000
          101  0000000000000000000000000000000000000000000000000000000000000000000000000000000000000000000000000000
          201  00000000000000                                                                                      
 0000011    1  555    000075097030520110000000000000000000000000000000000000000000000000000000000000000000000000000
          101  0000000000000000000000000000000000000000000000000000000000000000000000000000000000000000000000000000
          201  00000000000000                                                                                      
 0000012    1  555    000075098030520110000000000000000000000000000000000000000000000000000000000000000000000000000
          101  0000000000000000000000000000000000000000000000000000000000000000000000000000000000000000000000000000
          201  00000000000000                                                                                      
 0000013    1  555    000075099030520110000000000000000000000000000000000000000000000000000000000000000000000000000
          101  0000000000000000000000000000000000000000000000000000000000000000000000000000000000000000000000000000
          201  00000000000000                                                                                      
 0000014    1  555    000075100030520110000000000000000000000000000000000000000000000000000000000000000000000000000
          101  0000000000000000000000000000000000000000000000000000000000000000000000000000000000000000000000000000
          201  00000000000000                                                                                      
 0000015    1  555    000075101030520110000000000000000000000000000000000000000000000000000000000000000000000000000
          101  0000000000000000000000000000000000000000000000000000000000000000000000000000000000000000000000000000
          201  00000000000000                                                                                      
 0000016    1  555    000075102030520110000000000000000000000000000000000000000000000000000000000000000000000000000
          101  0000000000000000000000000000000000000000000000000000000000000000000000000000000000000000000000000000
          201  00000000000000                                                                                      
 0000017    1  555    000075103030520110000000000000000000000000000000000000000000000000000000000000000000000000000
          101  0000000000000000000000000000000000000000000000000000000000000000000000000000000000000000000000000000
          201  00000000000000                                                                                      
 0000018    1  555    000075104030520110000000000000000000000000000000000000000000000000000000000000000000000000000
          101  0000000000000000000000000000000000000000000000000000000000000000000000000000000000000000000000000000
          201  00000000000000                                                                                      
 0000019    1  555    000075105030520110000000000000000000000000000000000000000000000000000000000000000000000000000
          101  0000000000000000000000000000000000000000000000000000000000000000000000000000000000000000000000000000
          201  00000000000000                                                                                      
------------------------------------------------------------------------------DATASUL - OBRIGAÇÕES FISCAIS - OF0739A - V:0.00.00.000
------------------------------------------------------------------------------------------------------------------------------------
                                                 Dump 30 pri.reg. Compl. Mestre Mercadorias/Servico                    Página:     2
-------------------------------------------------------------------------------------------------------------- TODAY - 00:00:00

SEQUENCIA POS. ++++.++++1++++.++++2++++.++++3++++.++++4++++.++++5++++.++++6++++.++++7++++.++++8++++.++++9++++.+++10

 0000020    1  555    000075106030520110000000000000000000000000000000000000000000000000000000000000000000000000000
          101  0000000000000000000000000000000000000000000000000000000000000000000000000000000000000000000000000000
          201  00000000000000                                                                                      
 0000021    1  555    000075107030520110000000000000000000000000000000000000000000000000000000000000000000000000000
          101  0000000000000000000000000000000000000000000000000000000000000000000000000000000000000000000000000000
          201  00000000000000                                                                                      
 0000022    1  555    000075108030520110000000000000000000000000000000000000000000000000000000000000000000000000000
          101  0000000000000000000000000000000000000000000000000000000000000000000000000000000000000000000000000000
          201  00000000000000                                                                                      
 0000023    1  555    000075109030520110000000000000000000000000000000000000000000000000000000000000000000000000000
          101  0000000000000000000000000000000000000000000000000000000000000000000000000000000000000000000000000000
          201  00000000000000                                                                                      
 0000024    1  555    000075110030520110000000000000000000000000000000000000000000000000000000000000000000000000000
          101  0000000000000000000000000000000000000000000000000000000000000000000000000000000000000000000000000000
          201  00000000000000                                                                                      
 0000025    1  555    000075111030520110000000000000000000000000000000000000000000000000000000000000000000000000000
          101  0000000000000000000000000000000000000000000000000000000000000000000000000000000000000000000000000000
          201  00000000000000                                                                                      
 0000026    1  555    000075112030520110000000000000000000000000000000000000000000000000000000000000000000000000000
          101  0000000000000000000000000000000000000000000000000000000000000000000000000000000000000000000000000000
          201  00000000000000                                                                                      
 0000027    1  555    000075113030520110000000000000000000000000000000000000000000000000000000000000000000000000000
          101  0000000000000000000000000000000000000000000000000000000000000000000000000000000000000000000000000000
          201  00000000000000                                                                                      
 0000028    1  555    000075114030520110000000000000000000000000000000000000000000000000000000000000000000000000000
          101  0000000000000000000000000000000000000000000000000000000000000000000000000000000000000000000000000000
          201  00000000000000                                                                                      
 0000029    1  555    000075115030520110000000000000000000000000000000000000000000000000000000000000000000000000000
          101  0000000000000000000000000000000000000000000000000000000000000000000000000000000000000000000000000000
          201  00000000000000                                                                                      
 0000030    1  555    000075116030520110000000000000000000000000000000000000000000000000000000000000000000000000000
          101  0000000000000000000000000000000000000000000000000000000000000000000000000000000000000000000000000000
          201  00000000000000                                                                                      
























------------------------------------------------------------------------------DATASUL - OBRIGAÇÕES FISCAIS - OF0739A - V:0.00.00.000
