------------------------------------------------------------------------------------------------------------------------------------
                                                 Dump 30 pri.reg. Arq. Mestre Merc/Servicos Terceir                    Página:     1
-------------------------------------------------------------------------------------------------------------- TODAY - 00:00:00

SEQUENCIA POS. ++++.++++1++++.++++2++++.++++3++++.++++4++++.++++5++++.++++6++++.++++7++++.++++8++++.++++9++++.+++10

 0000001    1  011    0000519170205201151917         02052011000000000001500000000000000000000000000000000000000000
          101  0000000000000000000000000000000000000000000000000000000000000000000000000000150000438010070113  1   
          201                                                                                                     0
          301  00000000                                                                                            
 0000002    1  01     0000001022504201178683         03052011000000000005900000000000000000000000000000000000000000
          101  0000000000000000000000000000000000000000000000000000000000000000000000000000590000438010070113  1   
          201                                                                                                     0
          301  00000000                                                                                            
 0000003    1  01     0000002751904201178657         03052011000000000000066700000000000000000000000000000000000000
          101  0000000000000000000000000000000000000000000000000000000000000000000000000000006670438010070113  1   
          201                                                                                                     0
          301  00000000                                                                                            
 0000004    1  01     0000013022804201175800         03052011000000000002696800000000000000000000000000000000000000
          101  0000000000000000000000000000000000000000000134840000000000000000000000000000283164438010070113  1   
          201                                                                                                     0
          301  00000000                                                                                            
 0000005    1  01     0000017622704201178334         03052011000000000001590110000000000000000000000000000000000000
          101  0000000000000000000000000000000000000000000000000000000000000000000000000000159011438010070113  1   
          201                                                                                                     0
          301  00000000                                                                                            
 0000006    1  01     0000029042804201178625         03052011000000000000452540000000000000000000000000000000000000
          101  0000000000000000000000000000000000000000000000000000000000000000000000000000045254438010070113  1   
          201                                                                                                     0
          301  00000000                                                                                            
 0000007    1  01     0000040380504201173628         03052011000000000001899000000000000000000000000000000000000000
          101  0000000000000000000000000000000000000000000000000000000000000000000000000000189900438010070113  1   
          201                                                                                                     0
          301  00000000                                                                                            
 0000008    1  01     0000040540504201173628         03052011000000000001815000000000000000000000000000000000000000
          101  0000000000000000000000000000000000000000000000000000000000000000000000000000181500438010070113  1   
          201                                                                                                     0
          301  00000000                                                                                            
 0000009    1  01     0000040550504201173628         03052011000000000002596000000000000000000000000000000000000000
          101  0000000000000000000000000000000000000000000000000000000000000000000000000000259600438010070113  1   
          201                                                                                                     0
          301  00000000                                                                                            
 0000010    1  01     0000041161304201173628         03052011000000000003894000000000000000000000000000000000000000
          101  0000000000000000000000000000000000000000000000000000000000000000000000000000389400438010070113  1   
          201                                                                                                     0
          301  00000000                                                                                            
 0000011    1  01     0000041171304201173628         03052011000000000013629000000000000000000000000000000000000000
          101  0000000000000000000000000000000000000000000000000000000000000000000000000001362900438010070113  1   
          201                                                                                                     0
          301  00000000                                                                                            
 0000012    1  01     0000041221304201173628         03052011000000000009360000000000000000000000000000000000000000
          101  0000000000000000000000000000000000000000000000000000000000000000000000000000936000438010070113  1   
          201                                                                                                     0
          301  00000000                                                                                            
 0000013    1  01     0000041251304201173628         03052011000000000000590000000000000000000000000000000000000000
          101  0000000000000000000000000000000000000000000000000000000000000000000000000000059000438010070113  1   
          201                                                                                                     0
          301  00000000                                                                                            
 0000014    1  01     0000041481804201173628         03052011000000000016472000000000000000000000000000000000000000
          101  0000000000000000000000000000000000000000000000000000000000000000000000000001647200438010070113  1   
          201                                                                                                     0
          301  00000000                                                                                            
 0000015    1  01     0000041541904201173628         03052011000000000009995000000000000000000000000000000000000000
------------------------------------------------------------------------------DATASUL - OBRIGAÇÕES FISCAIS - OF0739A - V:0.00.00.000
------------------------------------------------------------------------------------------------------------------------------------
                                                 Dump 30 pri.reg. Arq. Mestre Merc/Servicos Terceir                    Página:     2
-------------------------------------------------------------------------------------------------------------- TODAY - 00:00:00

SEQUENCIA POS. ++++.++++1++++.++++2++++.++++3++++.++++4++++.++++5++++.++++6++++.++++7++++.++++8++++.++++9++++.+++10

          101  0000000000000000000000000000000000000000000000000000000000000000000000000000999500438010070113  1   
          201                                                                                                     0
          301  00000000                                                                                            
 0000016    1  01     0000041561904201173628         03052011000000000022904000000000000000000000000000000000000000
          101  0000000000000000000000000000000000000000000451500000000000000000000000000002335550438010070113  1   
          201                                                                                                     0
          301  00000000                                                                                            
 0000017    1  01     0000041571904201173628         03052011000000000016368000000000000000000000000000000000000000
          101  0000000000000000000000000000000000000000000000000000000000000000000000000001636800438010070113  1   
          201                                                                                                     0
          301  00000000                                                                                            
 0000018    1  01     0000041581904201173628         03052011000000000018269000000000000000000000000000000000000000
          101  0000000000000000000000000000000000000000000198000000000000000000000000000001846700438010070113  1   
          201                                                                                                     0
          301  00000000                                                                                            
 0000019    1  01     0000041591904201173628         03052011000000000022495000000000000000000000000000000000000000
          101  0000000000000000000000000000000000000000000000000000000000000000000000000002249500438010070113  1   
          201                                                                                                     0
          301  00000000                                                                                            
 0000020    1  01     0000041601904201173628         03052011000000000017415750000000000000000000000000000000000000
          101  0000000000000000000000000000000000000000000000000000000000000000000000000001741575438010070113  1   
          201                                                                                                     0
          301  00000000                                                                                            
 0000021    1  01     0000041992504201173628         03052011000000000007100000000000000000000000000000000000000000
          101  0000000000000000000000000000000000000000000710000000000000000000000000000000781000438010070113  1   
          201                                                                                                     0
          301  00000000                                                                                            
 0000022    1  01     0000042012504201173628         03052011000000000009772800000000000000000000000000000000000000
          101  0000000000000000000000000000000000000000000000000000000000000000000000000000977280438010070113  1   
          201                                                                                                     0
          301  00000000                                                                                            
 0000023    1  01     0000217352804201170134         03052011000000000002339100000000000000000000000000000000000000
          101  0000000000000000000000000000000000000000000233910000000000000000000000000000257301438010070113  1   
          201                                                                                                     0
          301  00000000                                                                                            
 0000024    1  01     0000294882804201178452         03052011000000000003250510000000000000000000000000000000000000
          101  0000000000000000000000000000000000000000000000000000000000000000000000000000325051438010070113  1   
          201                                                                                                     0
          301  00000000                                                                                            
 0000025    1  011    0000000642804201176897         03052011000000000002692000000000000000000000000000000000000000
          101  0000000000000000000000000000000000000000000000000000000000000000000000000000269200438010070113  1   
          201                                                                                                     0
          301  00000000                                                                                            
 0000026    1  011    0000000652904201176897         03052011000000000000450000000000000000000000000000000000000000
          101  0000000000000000000000000000000000000000000000000000000000000000000000000000045000438010070113  1   
          201                                                                                                     0
          301  00000000                                                                                            
 0000027    1  011    0000000682904201176267         03052011000000000001295400000000000000000000000000000000000000
          101  0000000000000000000000000000000000000000000000000000000000000000000000000000129540438010070113  1   
          201                                                                                                     0
          301  00000000                                                                                            
 0000028    1  011    0000000682904201176897         03052011000000000004500000000000000000000000000000000000000000
          101  0000000000000000000000000000000000000000000000000000000000000000000000000000450000438010070113  1   
          201                                                                                                     0
          301  00000000                                                                                            
 0000029    1  011    0000000891804201171092         03052011000000000002840000000000000000000000000000000000000000
          101  0000000000000000000000000000000000000000000000000000000000000000000000000000284000438010070113  1   
------------------------------------------------------------------------------DATASUL - OBRIGAÇÕES FISCAIS - OF0739A - V:0.00.00.000
------------------------------------------------------------------------------------------------------------------------------------
                                                 Dump 30 pri.reg. Arq. Mestre Merc/Servicos Terceir                    Página:     3
-------------------------------------------------------------------------------------------------------------- TODAY - 00:00:00

SEQUENCIA POS. ++++.++++1++++.++++2++++.++++3++++.++++4++++.++++5++++.++++6++++.++++7++++.++++8++++.++++9++++.+++10

          201                                                                                                     0
          301  00000000                                                                                            
 0000030    1  011    0000001230804201178717         03052011000000000000089250000000000000000000000000000000000000
          101  0000000000000000000000000000000000000000000000000000000000000000000000000000008925438010070113  1   
          201                                                                                                     0
          301  00000000                                                                                            



















































------------------------------------------------------------------------------DATASUL - OBRIGAÇÕES FISCAIS - OF0739A - V:0.00.00.000
