------------------------------------------------------------------------------------------------------------------------------------
                                                 Dump 30 pri.reg. Arq. Compl. Itens Mercadorias/Ser                    Página:     1
-------------------------------------------------------------------------------------------------------------- TODAY - 00:00:00

SEQUENCIA POS. ++++.++++1++++.++++2++++.++++3++++.++++4++++.++++5++++.++++6++++.++++7++++.++++8++++.++++9++++.+++10

 0000001    1  551    00000011101052011001  000000000000000000000000000000000000000000  000000000000000000000000000
          101  00000000000000001052011                                                                             
 0000002    1  011    12345678901052011001  000000000000000000000000000000000000000000  000000000000000000000000000
          101  00000000000000001052011                                                                             
 0000003    1  015    00405201101052011001  000000000000000000000000000000000000000000  000000000000000000000000000
          101  00000000000000001052011                                                                             
 0000004    1  015    00505201101052011001  000000000000000000000000000000000000000000  000000000000000000000000000
          101  00000000000000001052011                                                                             
 0000005    1  015    00605201101052011001  000000000000000000000000000000000000000000  000000000000000000000000000
          101  00000000000000001052011                                                                             
 0000006    1  015    008052011010520110010600000000000000000000000000000000000000000006000000000000000000000000000
          101  00000000000000001052011                                                                             
 0000007    1  015    009052011010520110010600000000000000000000000000000000000000000006000000000000000000000000000
          101  00000000000000001052011                                                                             
 0000008    1  015    009252011010520110010600000000000000000000000000000000000000000006000000000000000000000000000
          101  00000000000000001052011                                                                             
 0000009    1  015    009352011010520110010600000000000000000000000000000000000000000006000000000000000000000000000
          101  00000000000000001052011                                                                             
 0000010    1  555    000075096030520110010600000000000000000005165200000000000000085206000000000000000000051652000
          101  00000000000392603052011                                                                             
 0000011    1  555    000075096030520110020600000000000000000010339200000000000000170606000000000000000000103392000
          101  00000000000785803052011                                                                             
 0000012    1  555    000075097030520110010600000000000000000006400900000000000000105606000000000000000000064009000
          101  00000000000486503052011                                                                             
 0000013    1  555    000075098030520110010600000000000000000012001600000000000000198006000000000000000000120016000
          101  00000000000912103052011                                                                             
 0000014    1  555    000075098030520110020600000000000000000006187700000000000000102106000000000000000000061877000
          101  00000000000470303052011                                                                             
 0000015    1  555    000075098030520110030600000000000000000024270300000000000000400506000000000000000000242703000
          101  00000000001844503052011                                                                             
 0000016    1  555    000075098030520110040600000000000000000008979100000000000000148206000000000000000000089791000
          101  00000000000682403052011                                                                             
 0000017    1  555    000075098030520110050600000000000000000002560400000000000000042206000000000000000000025604000
          101  00000000000194603052011                                                                             
 0000018    1  555    000075098030520110060600000000000000000004178300000000000000068906000000000000000000041783000
          101  00000000000317603052011                                                                             
 0000019    1  555    000075098030520110070600000000000000000002089100000000000000034506000000000000000000020891000
          101  00000000000158803052011                                                                             
 0000020    1  555    000075098030520110080600000000000000000002231800000000000000036806000000000000000000022318000
          101  00000000000169603052011                                                                             
 0000021    1  555    000075099030520110010600000000000000000007201000000000000000118806000000000000000000072010000
          101  00000000000547303052011                                                                             
 0000022    1  555    000075099030520110020600000000000000000002186900000000000000036106000000000000000000021869000
          101  00000000000166203052011                                                                             
 0000023    1  555    000075099030520110030600000000000000000001920300000000000000031706000000000000000000019203000
          101  00000000000145903052011                                                                             
 0000024    1  555    000075100030520110010600000000000000000006400900000000000000105606000000000000000000064009000
          101  00000000000486503052011                                                                             
 0000025    1  555    000075101030520110010600000000000000000010668100000000000000176006000000000000000000106681000
          101  00000000000810803052011                                                                             
 0000026    1  555    000075101030520110020600000000000000000011237300000000000000185406000000000000000000112373000
          101  00000000000854003052011                                                                             
 0000027    1  555    000075101030520110030600000000000000000022723200000000000000374906000000000000000000227232000
          101  00000000001727003052011                                                                             
 0000028    1  555    000075101030520110040600000000000000000015149100000000000000250006000000000000000000151491000
          101  00000000001151303052011                                                                             
 0000029    1  555    000075102030520110010600000000000000000003840600000000000000063406000000000000000000038406000
------------------------------------------------------------------------------DATASUL - OBRIGAÇÕES FISCAIS - OF0739A - V:0.00.00.000
------------------------------------------------------------------------------------------------------------------------------------
                                                 Dump 30 pri.reg. Arq. Compl. Itens Mercadorias/Ser                    Página:     2
-------------------------------------------------------------------------------------------------------------- TODAY - 00:00:00

SEQUENCIA POS. ++++.++++1++++.++++2++++.++++3++++.++++4++++.++++5++++.++++6++++.++++7++++.++++8++++.++++9++++.+++10

          101  00000000000291903052011                                                                             
 0000030    1  555    000075103030520110010600000000000000000002080300000000000000034306000000000000000000020803000
          101  00000000000158103052011                                                                             






















































------------------------------------------------------------------------------DATASUL - OBRIGAÇÕES FISCAIS - OF0739A - V:0.00.00.000
