------------------------------------------------------------------------------------------------------------------------------------
                                                 Dump 30 ult.reg. Compl. Mestre Mercadorias/Servico                    Página:     1
-------------------------------------------------------------------------------------------------------------- TODAY - 00:00:00

SEQUENCIA POS. ++++.++++1++++.++++2++++.++++3++++.++++4++++.++++5++++.++++6++++.++++7++++.++++8++++.++++9++++.+++10

 0000839    1  555    000075926060520110000000000000000000000000000000000000000000000000000000000000000000000000000
          101  0000000000000000000000000000000000000000000000000000000000000000000000000000000000000000000000000000
          201  00000000000000                                                                                      
 0000840    1  555    000075927060520110000000000000000000000000000000000000000000000000000000000000000000000000000
          101  0000000000000000000000000000000000000000000000000000000000000000000000000000000000000000000000000000
          201  00000000000000                                                                                      
 0000841    1  555    000075928060520110000000000000000000000000000000000000000000000000000000000000000000000000000
          101  0000000000000000000000000000000000000000000000000000000000000000000000000000000000000000000000000000
          201  00000000000000                                                                                      
 0000842    1  555    000075929060520110000000000000000000000000000000000000000000000000000000000000000000000000000
          101  0000000000000000000000000000000000000000000000000000000000000000000000000000000000000000000000000000
          201  00000000000000                                                                                      
 0000843    1  555    000075930060520110000000000000000000000000000000000000000000000000000000000000000000000000000
          101  0000000000000000000000000000000000000000000000000000000000000000000000000000000000000000000000000000
          201  00000000000000                                                                                      
 0000844    1  555    000075931060520110000000000000000000000000000000000000000000000000000000000000000000000000000
          101  0000000000000000000000000000000000000000000000000000000000000000000000000000000000000000000000000000
          201  00000000000000                                                                                      
 0000845    1  555    000075932060520110000000000000000000000000000000000000000000000000000000000000000000000000000
          101  0000000000000000000000000000000000000000000000000000000000000000000000000000000000000000000000000000
          201  00000000000000                                                                                      
 0000846    1  555    000075933060520110000000000000000000000000000000000000000000000000000000000000000000000000000
          101  0000000000000000000000000000000000000000000000000000000000000000000000000000000000000000000000000000
          201  00000000000000                                                                                      
 0000847    1  555    000075934060520110000000000000000000000000000000000000000000000000000000000000000000000000000
          101  0000000000000000000000000000000000000000000000000000000000000000000000000000000000000000000000000000
          201  00000000000000                                                                                      
 0000848    1  555    000075935060520110000000000000000000000000000000000000000000000000000000000000000000000000000
          101  0000000000000000000000000000000000000000000000000000000000000000000000000000000000000000000000000000
          201  00000000000000                                                                                      
 0000849    1  555    000075936060520110000000000000000000000000000000000000000000000000000000000000000000000000000
          101  0000000000000000000000000000000000000000000000000000000000000000000000000000000000000000000000000000
          201  00000000000000                                                                                      
 0000850    1  555    000075937060520110000000000000000000000000000000000000000000000000000000000000000000000000000
          101  0000000000000000000000000000000000000000000000000000000000000000000000000000000000000000000000000000
          201  00000000000000                                                                                      
 0000851    1  555    000075938060520110000000000000000000000000000000000000000000000000000000000000000000000000000
          101  0000000000000000000000000000000000000000000000000000000000000000000000000000000000000000000000000000
          201  00000000000000                                                                                      
 0000852    1  555    000075939060520110000000000000000000000000000000000000000000000000000000000000000000000000000
          101  0000000000000000000000000000000000000000000000000000000000000000000000000000000000000000000000000000
          201  00000000000000                                                                                      
 0000853    1  555    000075940060520110000000000000000000000000000000000000000000000000000000000000000000000000000
          101  0000000000000000000000000000000000000000000000000000000000000000000000000000000000000000000000000000
          201  00000000000000                                                                                      
 0000854    1  555    000075941060520110000000000000000000000000000000000000000000000000000000000000000000000000000
          101  0000000000000000000000000000000000000000000000000000000000000000000000000000000000000000000000000000
          201  00000000000000                                                                                      
 0000855    1  555    000075942060520110000000000000000000000000000000000000000000000000000000000000000000000000000
          101  0000000000000000000000000000000000000000000000000000000000000000000000000000000000000000000000000000
          201  00000000000000                                                                                      
 0000856    1  555    000075943060520110000000000000000000000000000000000000000000000000000000000000000000000000000
          101  0000000000000000000000000000000000000000000000000000000000000000000000000000000000000000000000000000
          201  00000000000000                                                                                      
 0000857    1  555    000075944060520110000000000000000000000000000000000000000000000000000000000000000000000000000
          101  0000000000000000000000000000000000000000000000000000000000000000000000000000000000000000000000000000
          201  00000000000000                                                                                      
------------------------------------------------------------------------------DATASUL - OBRIGAÇÕES FISCAIS - OF0739A - V:0.00.00.000
------------------------------------------------------------------------------------------------------------------------------------
                                                 Dump 30 ult.reg. Compl. Mestre Mercadorias/Servico                    Página:     2
-------------------------------------------------------------------------------------------------------------- TODAY - 00:00:00

SEQUENCIA POS. ++++.++++1++++.++++2++++.++++3++++.++++4++++.++++5++++.++++6++++.++++7++++.++++8++++.++++9++++.+++10

 0000858    1  555    000075945060520110000000000000000000000000000000000000000000000000000000000000000000000000000
          101  0000000000000000000000000000000000000000000000000000000000000000000000000000000000000000000000000000
          201  00000000000000                                                                                      
 0000859    1  551    000000827200520110000000000000000000000000000000000000000000000000000000000000000000000000000
          101  0000000000000000000000000000000000000000000000000000000000000000000000000000000000000000000000000000
          201  00000000000000                                                                                      
 0000860    1  551    000000852200520110000000000000000000000000000000000000000000000000000000000000000000000000000
          101  0000000000000000000000000000000000000000000000000000000000000000000000000000000000000000000000000000
          201  00000000000000                                                                                      
 0000861    1  011    000000904200520110000000000000000000000000000000000000000000000000000000000000000000000000000
          101  0000000000000000000000000000000000000000000000000000000000000000000000000000000000000000000000000000
          201  00000000000000                                                                                      
 0000862    1  011    000000907200520110000000000000000000000000000000000000000000000000000000000000000000000000000
          101  0000000000000000000000000000000000000000000000000000000000000000000000000000000000000000000000000000
          201  00000000000000                                                                                      
 0000863    1  551    000000950200520110000000000000000000000000000000000000000000000000000000000000000000000000000
          101  0000000000000000000000000000000000000000000000000000000000000000000000000000000000000000000000000000
          201  00000000000000                                                                                      
 0000864    1  551    000000957200520110000000000000000000000000000000000000000000000000000000000000000000000000000
          101  0000000000000000000000000000000000000000000000000000000000000000000000000000000000000000000000000000
          201  00000000000000                                                                                      
 0000865    1  011    000001035200520110000000000000000000000000000000000000000000000000000000000000000000000000000
          101  0000000000000000000000000000000000000000000000000000000000000000000000000000000000000000000000000000
          201  00000000000000                                                                                      
 0000866    1  551    000001338200520110000000000000000000000000000000000000000000000000000000000000000000000000000
          101  0000000000000000000000000000000000000000000000000000000000000000000000000000000000000000000000000000
          201  00000000000000                                                                                      
 0000867    1  551    000001502200520110000000000000000000000000000000000000000000000000000000000000000000000000000
          101  0000000000000000000000000000000000000000000000000000000000000000000000000000000000000000000000000000
          201  00000000000000                                                                                      
 0000868    1  551    000001600200520110000000000000000000000000000000000000000000000000000000000000000000000000000
          101  0000000000000000000000000000000000000000000000000000000000000000000000000000000000000000000000000000
          201  00000000000000                                                                                      
























------------------------------------------------------------------------------DATASUL - OBRIGAÇÕES FISCAIS - OF0739A - V:0.00.00.000
