------------------------------------------------------------------------------------------------------------------------------------
                                                 Dump 30 ult.reg. Arq. Mestre Merc/Servicos Terceir                    Página:     1
-------------------------------------------------------------------------------------------------------------- TODAY - 00:00:00

SEQUENCIA POS. ++++.++++1++++.++++2++++.++++3++++.++++4++++.++++5++++.++++6++++.++++7++++.++++8++++.++++9++++.+++10

 0000298    1  012    0000007120505201177222         06052011000000000003125000000000000000000000000000000000000000
          101  0000000000000000000000000000000000000000000000000000000000000000000000000000312500438010070113  1   
          201                                                                                                     0
          301  00000000                                                                                            
 0000299    1  012    0000007130505201177222         06052011000000000000054000000000000000000000000000000000000000
          101  0000000000000000000000000000000000000000000000000000000000000000000000000000005400438010070113  1   
          201                                                                                                     0
          301  00000000                                                                                            
 0000300    1  012    0000033050904201178054         06052011000000000000003560000000000000000000000000000000000000
          101  00000000000000000000000000000000000000000000000000000000000000000000000000000003560014673520009 1   
          201                                                                                                     0
          301  00000000                                                                                            
 0000301    1  012    0000039810305201172063         06052011000000000000630000000000000000000000000000000000000000
          101  0000000000000000000000000000000000000000000000000000000000000000000000000000063000438010070113  1   
          201                                                                                                     0
          301  00000000                                                                                            
 0000302    1  012    0000066312004201178342         06052011000000000000139010000000000000000000000000000000000000
          101  0000000000000000000000000000000000000000000000000000000000000000000000000000013901438010070113  1   
          201                                                                                                     0
          301  00000000                                                                                            
 0000303    1  012    0000072752904201173499         06052011000000000003197880000000000000000000000000000000000000
          101  0000000000000000000000000000000000000000000000000000000000000000000000000000319788438010070113  1   
          201                                                                                                     0
          301  00000000                                                                                            
 0000304    1  012    0003519472904201173204         06052011000000000000285000000000000000000000000000000000000000
          101  0000000000000000000000000000000000000000000000000000000000000000000000000000028500438010070113  1   
          201                                                                                                     0
          301  00000000                                                                                            
 0000305    1  013    0000267712604201176719         06052011000000000022854000000000000000000000000000000000000000
          101  0000000000000000000000000000000000000000000000000000000000000000000000000002285400              1   
          201                                                                                                     0
          301  00000000                                                                                            
 0000306    1  014    0000016470505201170613         06052011000000000000465000000000000000000000000000000000000000
          101  0000000000000000000000000000000000000000000000000000000000000000000000000000046500438010070113  1   
          201                                                                                                     0
          301  00000000                                                                                            
 0000307    1  014    0000762982904201173090         06052011000000000002592040000000000000000000000000000000000000
          101  0000000000000000000000000000000000000000000000000000000000000000000000000000259204438010070113  1   
          201                                                                                                     0
          301  00000000                                                                                            
 0000308    1  08B1   0000004790305201177785         06052011000000000000550000000000000000000000000000000000000000
          101  0000000000000000000000000000000000000000000000000000000000000000000000000000055000438010070113  1   
          201                                                                                                     0
          301  00000000                                                                                            
 0000309    1  08U    0000166550405201171402         06052011000000000001363640000000000000000000000000000000000000
          101  0000000000000000000000000000000000000000000000000000000000000000000000000000136364438010070113  1   
          201                                                                                                     0
          301  00000000                                                                                            
 0000310    1  08U    0000822462804201175126         06052011000000000000064830000000000000000000000000000000000000
          101  0000000000000000000000000000000000000000000000000000000000000000000000000000006483438010070113  1   
          201                                                                                                     0
          301  00000000                                                                                            
 0000311    1  08U    0000823650405201175126         06052011000000000000100410000000000000000000000000000000000000
          101  0000000000000000000000000000000000000000000000000000000000000000000000000000010041438010070113  1   
          201                                                                                                     0
          301  00000000                                                                                            
 0000312    1  08U    0006417961904201178327         06052011000000000002352780000000000000000000000000000000000000
------------------------------------------------------------------------------DATASUL - OBRIGAÇÕES FISCAIS - OF0739A - V:0.00.00.000
------------------------------------------------------------------------------------------------------------------------------------
                                                 Dump 30 ult.reg. Arq. Mestre Merc/Servicos Terceir                    Página:     2
-------------------------------------------------------------------------------------------------------------- TODAY - 00:00:00

SEQUENCIA POS. ++++.++++1++++.++++2++++.++++3++++.++++4++++.++++5++++.++++6++++.++++7++++.++++8++++.++++9++++.+++10

          101  0000000000000000000000000000000000000000000000000000000000000000000000000000235278438010070113  1   
          201                                                                                                     0
          301  00000000                                                                                            
 0000313    1  08U    0006417971904201178327         06052011000000000002352780000000000000000000000000000000000000
          101  0000000000000000000000000000000000000000000000000000000000000000000000000000235278438010070113  1   
          201                                                                                                     0
          301  00000000                                                                                            
 0000314    1  08U    0007259262804201170382         06052011000000000000085440000000000000000000000000000000000000
          101  0000000000000000000000000000000000000000000000000000000000000000000000000000008544438010070113  1   
          201                                                                                                     0
          301  00000000                                                                                            
 0000315    1  08U    0007333470405201170382         06052011000000000000100390000000000000000000000000000000000000
          101  0000000000000000000000000000000000000000000000000000000000000000000000000000010039438010070113  1   
          201                                                                                                     0
          301  00000000                                                                                            
 0000316    1  08U    0007360602804201170382         06052011000000000000086180000000000000000000000000000000000000
          101  0000000000000000000000000000000000000000000000000000000000000000000000000000008618438010070113  1   
          201                                                                                                     0
          301  00000000                                                                                            
 0000317    1  011    0000010542005201114            20052011000000000000220000000000000000000000000000000000000000
          101  0000000000000000000000000000000000000000000000000000000000000000000000000000022000              1   
          201                                                                                                     0
          301  00000000                                                                                            
 0000318    1  011    000001116200520111             20052011000000000000140000000000000000000000000000000000000000
          101  0000000000000000000000000000000000000000000000000000000000000000000000000000014000438010070113  1   
          201                                                                                                     0
          301  00000000                                                                                            
 0000319    1  551    000001136200520111             20052011000000000000120000000000000000000000000000000000000000
          101  0000000000000000000000000000000000000000000000000000000000000000000000000000012000438010070113  1   
          201                                                                                                     0
          301  00000000                                                                                            
 0000320    1  551    000001145200520111             20052011000000000000330000000000000000000000000000000000000000
          101  0000000000000000000000000000000000000000000000000000000000000000000000000000033000438010070113  1   
          201                                                                                                     0
          301  00000000                                                                                            
 0000321    1  011    000001345200520111             20052011000000000000110000000000000000000000000000000000000000
          101  0000000000000000000000000000000000000000000000000000000000000000000000000000011000438010070113  1   
          201                                                                                                     0
          301  00000000                                                                                            
 0000322    1  011    000001409200520111             20052011000000000000000000000000000000000000000000000000000000
          101  0000000000000000000000000000000000000000000000000000000000000000000000000000000000438010070113  1   
          201                                                                                                     0
          301  00000000                                                                                            
 0000323    1  551    000001510200520111             20052011000000000000160000000000000000000000000000000000000000
          101  0000000000000000000000000000000000000000000000000000000000000000000000000000016000438010070113  1   
          201                                                                                                     0
          301  00000000                                                                                            
 0000324    1  011    0000016232005201114            20052011000000000000195000000000000000000000000000000000000000
          101  0000000000000000000000000000000000000000000000000000000000000000000000000000019500              1   
          201                                                                                                     0
          301  00000000                                                                                            
 0000325    1  551    000001227260520111             26052011000000000000350000000000000000000000000000000000000000
          101  0000000000000000000000000000000000000000000017500000000000000000000000000000036750438010070113  1   
          201                                                                                                     0
          301  00000000                                                                                            
 0000326    1  011    000001232260520111             26052011000000000000560000000000000000000000000000000000000000
          101  0000000000000000000000000000000000000000000000000000000000000000000000000000056000438010070113  1   
------------------------------------------------------------------------------DATASUL - OBRIGAÇÕES FISCAIS - OF0739A - V:0.00.00.000
------------------------------------------------------------------------------------------------------------------------------------
                                                 Dump 30 ult.reg. Arq. Mestre Merc/Servicos Terceir                    Página:     3
-------------------------------------------------------------------------------------------------------------- TODAY - 00:00:00

SEQUENCIA POS. ++++.++++1++++.++++2++++.++++3++++.++++4++++.++++5++++.++++6++++.++++7++++.++++8++++.++++9++++.+++10

          201                                                                                                     0
          301  00000000                                                                                            
 0000327    1  551    000001409260520111             26052011000000000000275000000000000000000000000000000000000000
          101  0000000000000000000000000000000000000000000000000000000000000000000000000000027500438010070113  1   
          201                                                                                                     0
          301  00000000                                                                                            



















































------------------------------------------------------------------------------DATASUL - OBRIGAÇÕES FISCAIS - OF0739A - V:0.00.00.000
