------------------------------------------------------------------------------------------------------------------------------------
                                                 Dump 30 ult.reg. Compl. Entr Mercad/Serv Terc                         Página:     1
-------------------------------------------------------------------------------------------------------------- TODAY - 00:00:00

SEQUENCIA POS. ++++.++++1++++.++++2++++.++++3++++.++++4++++.++++5++++.++++6++++.++++7++++.++++8++++.++++9++++.+++10

 0000298    1  012    0000000000505201177222         00000000000000000000000000000000000000000000000000000000000000
          101  0000000000000000000000000000000000000000000000000000000000000000000000000000000000000000000000000000
          201  0000000000000000000000000000                                                                        
 0000299    1  012    0000000000505201177222         00000000000000000000000000000000000000000000000000000000000000
          101  0000000000000000000000000000000000000000000000000000000000000000000000000000000000000000000000000000
          201  0000000000000000000000000000                                                                        
 0000300    1  012    0000000000904201178054         00000000000000000000000000000000000000000000000000000000000000
          101  0000000000000000000000000000000000000000000000000000000000000000000000000000000000000000000000000000
          201  0000000000000000000000000000                                                                        
 0000301    1  012    0000000000305201172063         00000000000000000000000000000000000000000000000000000000000000
          101  0000000000000000000000000000000000000000000000000000000000000000000000000000000000000000000000000000
          201  0000000000000000000000000000                                                                        
 0000302    1  012    0000000002004201178342         00000000000000000000000000000000000000000000000000000000000000
          101  0000000000000000000000000000000000000000000000000000000000000000000000000000000000000000000000000000
          201  0000000000000000000000000000                                                                        
 0000303    1  012    0000000002904201173499         00000000000000000000000000000000000000000000000000000000000000
          101  0000000000000000000000000000000000000000000000000000000000000000000000000000000000000000000000000000
          201  0000000000000000000000000000                                                                        
 0000304    1  012    0000000002904201173204         00000000000000000000000000000000000000000000000000000000000000
          101  0000000000000000000000000000000000000000000000000000000000000000000000000000000000000000000000000000
          201  0000000000000000000000000000                                                                        
 0000305    1  013    0000000002604201176719         00000000000000000000000000000000000000000000000000000000000000
          101  0000000000000000000000000000000000000000000000000000000000000000000000000000000000000000000000000000
          201  0000000000000000000000000000                                                                        
 0000306    1  014    0000000000505201170613         00000000000000000000000000000000000000000000000000000000000000
          101  0000000000000000000000000000000000000000000000000000000000000000000000000000000000000000000000000000
          201  0000000000000000000000000000                                                                        
 0000307    1  014    0000000002904201173090         00000000000000000000000000000000000000000000000000000000000000
          101  0000000000000000000000000000000000000000000000000000000000000000000000000000000000000000000000000000
          201  0000000000000000000000000000                                                                        
 0000308    1  08B1   0000000000305201177785         00000000000000000000000000000000000000000000000000000000000000
          101  0000000000000000000000000000000000000000000000000000000000000000000000000000000000000000000000000000
          201  0000000000000000000000000000                                                                        
 0000309    1  08U    0000000000405201171402         00000000000000000000000000000000000000000000000000000000000000
          101  0000000000000000000000000000000000000000000000000000000000000000000000000000000000000000000000000000
          201  0000000000000000000000000000                                                                        
 0000310    1  08U    0000000002804201175126         00000000000000000000000000000000000000000000000000000000000000
          101  0000000000000000000000000000000000000000000000000000000000000000000000000000000000000000000000000000
          201  0000000000000000000000000000                                                                        
 0000311    1  08U    0000000000405201175126         00000000000000000000000000000000000000000000000000000000000000
          101  0000000000000000000000000000000000000000000000000000000000000000000000000000000000000000000000000000
          201  0000000000000000000000000000                                                                        
 0000312    1  08U    0000000001904201178327         00000000000000000000000000000000000000000000000000000000000000
          101  0000000000000000000000000000000000000000000000000000000000000000000000000000000000000000000000000000
          201  0000000000000000000000000000                                                                        
 0000313    1  08U    0000000001904201178327         00000000000000000000000000000000000000000000000000000000000000
          101  0000000000000000000000000000000000000000000000000000000000000000000000000000000000000000000000000000
          201  0000000000000000000000000000                                                                        
 0000314    1  08U    0000000002804201170382         00000000000000000000000000000000000000000000000000000000000000
          101  0000000000000000000000000000000000000000000000000000000000000000000000000000000000000000000000000000
          201  0000000000000000000000000000                                                                        
 0000315    1  08U    0000000000405201170382         00000000000000000000000000000000000000000000000000000000000000
          101  0000000000000000000000000000000000000000000000000000000000000000000000000000000000000000000000000000
          201  0000000000000000000000000000                                                                        
 0000316    1  08U    0000000002804201170382         00000000000000000000000000000000000000000000000000000000000000
          101  0000000000000000000000000000000000000000000000000000000000000000000000000000000000000000000000000000
          201  0000000000000000000000000000                                                                        
------------------------------------------------------------------------------DATASUL - OBRIGAÇÕES FISCAIS - OF0739A - V:0.00.00.000
------------------------------------------------------------------------------------------------------------------------------------
                                                 Dump 30 ult.reg. Compl. Entr Mercad/Serv Terc                         Página:     2
-------------------------------------------------------------------------------------------------------------- TODAY - 00:00:00

SEQUENCIA POS. ++++.++++1++++.++++2++++.++++3++++.++++4++++.++++5++++.++++6++++.++++7++++.++++8++++.++++9++++.+++10

 0000317    1  011    0000000002005201114            00000000000000000000000000000000000000000000000000000000000000
          101  0000000000000000000000000000000000000000000000000000000000000000000000000000000000000000000000000000
          201  0000000000000000000000000000                                                                        
 0000318    1  011    000000000200520111             00000000000000000000000000000000000000000000000000000000000000
          101  0000000000000000000000000000000000000000000000000000000000000000000000000000000000000000000000000000
          201  0000000000000000000000000000                                                                        
 0000319    1  551    000000000200520111             00000000000000000000000000000000000000000000000000000000000000
          101  0000000000000000000000000000000000000000000000000000000000000000000000000000000000000000000000000000
          201  0000000000000000000000000000                                                                        
 0000320    1  551    000000000200520111             00000000000000000000000000000000000000000000000000000000000000
          101  0000000000000000000000000000000000000000000000000000000000000000000000000000000000000000000000000000
          201  0000000000000000000000000000                                                                        
 0000321    1  011    000000000200520111             00000000000000000000000000000000000000000000000000000000000000
          101  0000000000000000000000000000000000000000000000000000000000000000000000000000000000000000000000000000
          201  0000000000000000000000000000                                                                        
 0000322    1  011    000000000200520111             00000000000000000000000000000000000000000000000000000000000000
          101  0000000000000000000000000000000000000000000000000000000000000000000000000000000000000000000000000000
          201  0000000000000000000000000000                                                                        
 0000323    1  551    000000000200520111             00000000000000000000000000000000000000000000000000000000000000
          101  0000000000000000000000000000000000000000000000000000000000000000000000000000000000000000000000000000
          201  0000000000000000000000000000                                                                        
 0000324    1  011    0000000002005201114            00000000000000000000000000000000000000000000000000000000000000
          101  0000000000000000000000000000000000000000000000000000000000000000000000000000000000000000000000000000
          201  0000000000000000000000000000                                                                        
 0000325    1  551    000000000260520111             00000000000000000000000000000000000000000000000000000000000000
          101  0000000000000000000000000000000000000000000000000000000000000000000000000000000000000000000000000000
          201  0000000000000000000000000000                                                                        
 0000326    1  011    000000000260520111             00000000000000000000000000000000000000000000000000000000000000
          101  0000000000000000000000000000000000000000000000000000000000000000000000000000000000000000000000000000
          201  0000000000000000000000000000                                                                        
 0000327    1  551    000000000260520111             00000000000000000000000000000000000000000000000000000000000000
          101  0000000000000000000000000000000000000000000000000000000000000000000000000000000000000000000000000000
          201  0000000000000000000000000000                                                                        
























------------------------------------------------------------------------------DATASUL - OBRIGAÇÕES FISCAIS - OF0739A - V:0.00.00.000
