10|1,00|53113791001790|01/05/2011|31/05/2011
20|I||VENDA MERCADORIA|1|904|20/05/2011 00:00:00|20/05/2011 00:00:00|1|6101|||52045697000110|SASAZAKI INDUSTRIA E COMERCIO LTDA ACAO.|AV EUGENIO CONEGLIAN|10.604||DISTR INDUSTRIAL|MARILIA|SP|17512900|BRASIL|1434029922|438010070113
30|40T|ITEM CONTROLE TOTAL|73083000|KG|0000002,0000|00000000095,0000|000000000190,00|100|25,00|00,00|000000000000,00
40|000000000190,00|000000000047,50|000000000000,00|000000000000,00|000000000190,00|000000000000,00|000000000000,00|0000000000000,00|000000000000,00|0000000000000,00|000000000190,00|0000000000000,00|000,00|0000000000000,00
50|0||||||  ||  |000000000000000|||0|00000000000,000|00000000000,000
60|||
20|I||VENDA DE PRODUTOS|1|907|20/05/2011 00:00:00|20/05/2011 00:00:00|1|7101||||TESTE ESTRANGEIRO|RUA ATICA|49||BROOKLIN|EXTERIOR|EX|04634040|ESTADOS UNIDOS|1150313050|
30|40T|ITEM CONTROLE TOTAL|73083000|KG|0000003,0000|00000000100,0000|000000000300,00|141|00,00|00,00|000000000000,00
40|000000000000,00|000000000000,00|000000000000,00|000000000000,00|000000000300,00|000000000000,00|000000000000,00|0000000000000,00|000000000000,00|0000000000000,00|000000000300,00|0000000000000,00|000,00|0000000000000,00
50|0||||||  ||  |000000000000000|||0|00000000000,000|00000000000,000
60|||
20|I||VENDA DE PRODUTOS ZFM/ALC|1|1035|20/05/2011 00:00:00|20/05/2011 00:00:00|1|6109|||52045697000110|SASAZAKI INDUSTRIA E COMERCIO LTDA ACAO.|AV EUGENIO CONEGLIAN|10.604||DISTR INDUSTRIAL|MARILIA|SP|17512900|BRASIL|1434029922|438010070113
30|40T|ITEM CONTROLE TOTAL|73083000|KG|0000005,0000|00000000100,0000|000000000500,00|100|25,00|10,00|000000000050,00
30|40T|ITEM CONTROLE TOTAL|73083000|KG|0000010,0000|00000000100,0000|000000001000,00|100|25,00|10,00|000000000100,00
40|000000001500,00|000000000375,00|000000000000,00|000000000000,00|000000001500,00|000000000000,00|000000000000,00|0000000000000,00|000000000150,00|0000000000000,00|000000001650,00|0000000000000,00|000,00|0000000000000,00
50|0||||||  ||  |000000000000000|||0|00000000000,000|00000000000,000
60|||
20|I||VENDA DE PRODUTOS|1|123456789|01/05/2011 00:00:00|01/05/2011 00:00:00|1|7101|||52045697000110|SASAZAKI INDUSTRIA E COMERCIO LTDA ACAO.|RUA MAX COLIN|9.900||CENTRO|JONVILLE|SP|89200-00|BRASIL|1434029922|438010070113
30|.COMPRAS|.COMPRAS - PROJETO 87|73089090|PC|0000001,0000|00000001800,0000|000000001800,00|141|00,00|05,00|000000000000,00
40|000000000000,00|000000000000,00|000000000000,00|000000000000,00|000000001800,00|000000000000,00|000000000000,00|0000000000000,00|000000000000,00|0000000000000,00|000000001800,00|0000000000000,00|000,00|0000000000000,00
50|0||||||  ||  |000000000000000|||0|00000000000,000|00000000000,000
60|||
90|00004|00005|00004|00004|00004
