20  26879106953DJALMA DOS SANTOS MACHADO                         TODAY161030
2100255721161Estabelecimento TOTVS - ¥ ALTERAR CONTAS          0520112211111131101816
2201011010000000011455083500000000108053860000000000192139810000000000188990000000000000091000
2201011240000000000031250000000000000000000000000000000000000000000000000000000000000000312500
2201012020000000000001600000000000000016000000000000000028800000000000000000000000000000000000
2201013520000000000189206400000000000467230000000000000560650000000000010500000000000001319834
2201014010000000000006090000000000000060900000000000000109620000000000000000000000000000000000
2201014060000000000066636000000000000000000000000000000000000000000000000000000000000000666360
2201014070000000000065597200000000000000000000000000000000000000000000000000000000000000655972
2201014100000000000018058400000000000170170000000000000306310000000000000000000000000000000000
2201015510000000000261229600000000000040423000000000000072760000000000004730000000000002424779
2201015560000000000249793300000000000027500000000000000033000000000000087277000000000001570002
2201016510000000000055460000000000000369752000000000000665550000000000018484800000000000000000
2201016530000000000033626400000000000149130000000000000178950000000000000000000000000000187134
2201019020000000000015176800000000000000000000000000000000000000000000000000000000000000151768
2201019100000000000059384900000000000000000000000000000000000000000000059000000000000000003849
2201019160000000000130000000000000000000000000000000000000000000000000130000000000000000000000
2201019200000000000400790000000000000000000000000000000000000000000000400790000000000000000000
2201019330000000000011440000000000000000000000000000000000000000000000011440000000000000000000
2201019490000000000327962800000000000000000000000000000000000000000000327962800000000000000000
2201021010000000014547166100000000143648161000000000172377760000000000000000000000000000000000
2201021020000000000001200000000000000012000000000000000014400000000000000000000000000000000000
2201024070000000000000723300000000000000000000000000000000000000000000000000000000000000007233
2201025560000000000030775600000000000000000000000000000000000000000000000000000000000000307756
2201026530000000000033014000000000000229322000000000000275190000000000000000000000000000100818
2201029110000000000000023900000000000000000000000000000000000000000000000000000000000000000208
2201029200000000000029400000000000000000000000000000000000000000000000029400000000000000000000
2201031010000000000031000000000000000300000000000000000540000000000000000000000000000000000000
2201035510000000000004150000000000000000000000000000000000000000000000000000000000000000041500
2302051010000000007132507300000000067345137000000000121221210000000000000000000000000000000000
2302051020000000000005437700000000000054377000000000000104880000000000000000000000000000000000
2302052010000000000015901100000000000159011000000000000286220000000000000000000000000000000000
2302054010000000008931182100000000084447635000000000152005690000000000000000000000000000000000
2302055510000000000063880000000000000000000000000000000000000000000000063880000000000000000000
2302055530000000000002200000000000000022000000000000000055000000000000000000000000000000000000
2302059010000000003104397400000000000000000000000000000000000000000000000000000000000031043974
2302059080000000000006070600000000000000000000000000000000000000000000006070600000000000000000
2302059100000000000110624700000000001044145000000000001879470000000000000000000000000000000000
2302059150000000000001000000000000000000000000000000000000000000000000001000000000000000000000
2302059210000000000258360000000000000000000000000000000000000000000000258360000000000000000000
2302059490000000000059706100000000000597061000000000001074710000000000000000000000000000000000
2302061010000000005210730600000000052081950000000000050467090000000000000000000000000000012500
2302061020000000000000616700000000000006167000000000000007400000000000000000000000000000000000
2302061070000000000035764300000000000357643000000000000643760000000000000000000000000000000000
2302061090000000001010174300000000000150000000000000000375000000000000993674300000000000000000
2302061180000000000001750000000000000017500000000000000043750000000000000000000000000000000000
2302064010000000006136445500000000053989937000000000061162650000000000000000000000000000000000
2302064030000000000016500000000000000150000000000000000375000000000000000000000000000000000000
2302065010000000000025106000000000000000000000000000000000000000000000025106000000000000000000
2302065510000000000001350000000000000000000000000000000000000000000000001350000000000000000000
2302069080000000000018211800000000000000000000000000000000000000000000018211800000000000000000
2302069100000000001020290600000000009346636000000000007039130000000000000000000000000000000000
2302069150000000000045000000000000000000000000000000000000000000000000045000000000000000000000
2302069210000000000042000000000000000000000000000000000000000000000000042000000000000000000000
2302069490000000000008565700000000000025307000000000000045560000000000006035000000000000000000
2302071010000000000052000000000000000000000000000000000000000000000000051000000000000000000000
240301000000000280558382
240302000000000253544448
240303000000000036730280
240304000000000012685746
240305000000000007840713
240306000000000333157725
240307000000000269794506
240308000000000039678652
240309000000000015116877
240310000000000031056474
250401000000000039678652
250403000000000000011012
250404500000000000347232
250499000000000040036896
260502000000000036730280
260503000000000028143750
260599000000000064874030
300901000000000040036896
300904000000000040036896
300905000000000064874030
300907500000000143411233
300908000000000208285263
300912000000000000000000
300914000000000168248367
300999800000000168248367
300999900000000000000000
321101000000000000404678
321104000000000000404678
321105000000000000048561
321106000000000000520475
321106500000000000013895
321109000000000000015000
321112000000000000010000
321113000000000000025000
321119000000000000025000
321199800000000000025000
321199900000000000000000
3312114492005201100000000222596612104214526           
331213000100520150000000001917556410243752641         
3312214731005201100000000024480428100497892           
341301000000000000018000
341302000000000000329232
341304000000000000347232
341312000000000000347232
341313000000000000347232
46460011510600124772440000000011652178214
46460021510600122755360000000000329394514
46460031510600124762720000000000002803014
46460041510600124757050000000002136645114
46460051510600124746520000000000000443814
46460061510600124741470000000000219658714
46460071510600133075390000000000000551616
46469900000000000000000000000014341674900
4949BA0000000000416640000000000004166400000000000000000000000000000000000000000000000000000
4949DF0000000000001500000000000000000000000000000000150000000000000000000000000000000000000
4949EX0000000000035150000000000000300000000000000000415000000000000000000000000000000000000
4949GO0000000000005250000000000000000000000000000000525000000000000000000000000000000000000
4949MG0000000003398132800000000032362417000000000000032550000000000000000000000000000000000
4949MT0000000000000955800000000000000000000000000000095580000000000000000000000000000000000
4949PR0000000001054658800000000010132669000000000002060440000000000000000000000000000000000
4949RJ0000000001187724700000000011867247000000000000100000000000000000000000000000000000000
4949SC0000000008561240800000000085348750000000000002636580000000000000000000000000000000000
4949SP0000000013394585300000000109366965000000000199249440000000000000000000000000000010414
4949TT0000000028055838200000000253544448000000000205264590000000000000000000000000000010414
5050AM000000000000000000000000000993674300000000000000000000000000000000000000000000993674300000000000000000
5050DF000000000000000000000000000722764700000000000000000000000000072276470000000000000000000000000000000000
5050ES000000000000603500000000000705548100000000000000000000000000070554810000000000006035000000000000000000
5050EX000000000000000000000000000052000000000000000000000000000000000000000000000000051000000000000000000000
5050GO000000000000607060000000000848219200000000000000000000000000084769360000000000006070600000000000000000
5050MG000000000000860130000000003468903000000000000025307000000000304840110000000000006070600000000004203511
5050MS000000000000000000000000000617258800000000000000000000000000055122380000000000000000000000000000660350
5050MT000000000000000000000000001259342900000000000000000000000000114316790000000000000000000000000001160449
5050PR000000000000607060000000002939756800000000000000000000000000286889080000000000076176600000000000000000
5050RJ000000000000668000000000001127978100000000000066800000000000098311600000000000000000000000000001448621
5050RN000000000000000000000000000043314300000000000000000000000000004331430000000000000000000000000000000000
5050RS000000000000000000000000000684180500000000000000000000000000061006520000000000000000000000000000741153
5050SC000000000000000000000000000083857300000000000000000000000000004046780000000000042000000000000000013895
5050SP000000000030584650000000019429670500000000002997759000000001510581070000000003436308000000000008892254
5050TT000000000033930400000000032976468500000000003089866000000002667046400000000004617335100000000017120233
515103000000000006349575
515104000000000000010414
515108000000000000083666
515109000000000017120233
515198000000000006359989
515199000000000017203899
909001000000000000000000
909002000000000000000000
909003000000000000000000
919119900000000000000000
929229900000000000000000
939339900000000000000000
949449900000000000000000
98  00148
99  0015000001
