5    0070520110105201118            001060000000000000000000000000000000000000000000000000000000000000000000000000000000000000000000000600000000000000000000000000000000000000000000000000000000000000000000000000000000000000000000001052011
5    0091520110105201113            001060000000000000000000000000000000000000000000000000000000000000000000000000000000000000000000000600000000000000000000000000000000000000000000000000000000000000000000000000000000000000000000001052011
1    0000010010305201113            001010001650000000000050000000000000000000000000000000000000000000000000000000000000000000000825000100076000000000000500000000000000000000000000000000000000000000000000000000000000000000038000003052011
1    0000010060305201113            001060000000000000000000000000000000000000000000000000000000000000000000000000000000000000000000000600000000000000000000000000000000000000000000000000000000000000000000000000000000000000000000003052011
1    0000010060305201113            002060000000000000000000000000000000000000000000000000000000000000000000000000000000000000000000000600000000000000000000000000000000000000000000000000000000000000000000000000000000000000000000003052011
1    0000012410305201113            001010001650000000000005600000000000000000000000000000000000000000000000000000000000000000000092400100076000000000000056000000000000000000000000000000000000000000000000000000000000000000004256003052011
1    0000012540305201113            001060000000000000000000000000000000000000000000000000000000000000000000000000000000000000000000000600000000000000000000000000000000000000000000000000000000000000000000000000000000000000000000003052011
1    0000045780305201113            001060000000000000000000000000000000000000000000000000000000000000000000000000000000000000000000000600000000000000000000000000000000000000000000000000000000000000000000000000000000000000000000003052011
1    0000045780305201113            002010001650000000000006480000000000000000000000000000000000000000000000000000000000000000000106920100076000000000000064800000000000000000000000000000000000000000000000000000000000000000004924803052011
1    0000121570305201113            001060000000000000000000000000000000000000000000000000000000000000000000000000000000000000000000000600000000000000000000000000000000000000000000000000000000000000000000000000000000000000000000003052011
1    0000145230305201113            001060000000000000000000000000000000000000000000000000000000000000000000000000000000000000000000000600000000000000000000000000000000000000000000000000000000000000000000000000000000000000000000003052011
1    0000145780305201113            001060000000000000000000000000000000000000000000000000000000000000000000000000000000000000000000000600000000000000000000000000000000000000000000000000000000000000000000000000000000000000000000003052011
1    0000145780305201113            002060000000000000000000000000000000000000000000000000000000000000000000000000000000000000000000000600000000000000000000000000000000000000000000000000000000000000000000000000000000000000000000003052011
1    0000148560305201113            001010001650000000000015000000000000000000000000000000000000000000000000000000000000000000000247500100076000000000000150000000000000000000000000000000000000000000000000000000000000000000011400003052011
