5    0070520110105201118            0000000000010000000000000000000000000000000000000000000000000000000000000
5    0091520110105201113            0000000000010000000000000000000000000000000000000000000000000000000000000
1    0000010010305201113            0000000000500000000000000000000000000000000000000000000000000000000000000
1    0000010060305201113            0000000000055000000000000000000000000000000000000000000000000000000000000
1    0000012410305201113            0000000000056000000000000000000000000000000000000000000000000000000000000
1    0000012540305201113            0000000000045700000000000000000000000000000000000000000000000000000000000
1    0000045780305201113            0000000000127300000000000000000000000000000000000000000000000000000000000
1    0000121570305201113            0000000000027890000000000000000000000000000000000000000000000000000000000
1    0000145230305201113            0000000000060000000000000000000000000000000000000000000000000000000000000
1    0000145780305201113            0000000000028000000000000000000000000000000000000000000000000000000000000
1    0000148560305201113            0000000000150000000000000000000000000000000000000000000000000000000000000
