------------------------------------------------------------------------------------------------------------------------------------
                                                 Dump 30 pri.reg. Compl. Entr Serv Nao ICMS                            Página:     1
-------------------------------------------------------------------------------------------------------------- TODAY - 00:00:00

SEQUENCIA POS. ++++.++++1++++.++++2++++.++++3++++.++++4++++.++++5++++.++++6++++.++++7++++.++++8++++.++++9++++.+++10

 0000001    1  5    0070520110105201118            0000000000000000000000000000000000000000000000000000000000000000
          101  000000000000000000000000000000000000000000000000000000000000000000000000000000000000000             
 0000002    1  5    0091520110105201113            0000000000000000000000000000000000000000000000000000000000000000
          101  000000000000000000000000000000000000000000000000000000000000000000000000000000000000000             
 0000003    1  1    0000010010305201113            0000000000000000000000000000000000000000000000000000000000000000
          101  000000000000000000000000000000000000000000000000000000000000000000000000000000000000000             
 0000004    1  1    0000010060305201113            0000000000000000000000000000000000000000000000000000000000000000
          101  000000000000000000000000000000000000000000000000000000000000000000000000000000000000000             
 0000005    1  1    0000012410305201113            0000000000000000000000000000000000000000000000000000000000000000
          101  000000000000000000000000000000000000000000000000000000000000000000000000000000000000000             
 0000006    1  1    0000012540305201113            0000000000000000000000000000000000000000000000000000000000000000
          101  000000000000000000000000000000000000000000000000000000000000000000000000000000000000000             
 0000007    1  1    0000045780305201113            0000000000000000000000000000000000000000000000000000000000000000
          101  000000000000000000000000000000000000000000000000000000000000000000000000000000000000000             
 0000008    1  1    0000121570305201113            0000000000000000000000000000000000000000000000000000000000000000
          101  000000000000000000000000000000000000000000000000000000000000000000000000000000000000000             
 0000009    1  1    0000145230305201113            0000000000000000000000000000000000000000000000000000000000000000
          101  000000000000000000000000000000000000000000000000000000000000000000000000000000000000000             
 0000010    1  1    0000145780305201113            0000000000000000000000000000000000000000000000000000000000000000
          101  000000000000000000000000000000000000000000000000000000000000000000000000000000000000000             
 0000011    1  1    0000148560305201113            0000000000000000000000000000000000000000000000000000000000000000
          101  000000000000000000000000000000000000000000000000000000000000000000000000000000000000000             



































------------------------------------------------------------------------------DATASUL - OBRIGAÇÕES FISCAIS - OF0739A - V:0.00.00.000
