------------------------------------------------------------------------------------------------------------------------------------
                                                 Dump 30 pri.reg. Compl. Entr Mercad/Serv Terc                         Página:     1
-------------------------------------------------------------------------------------------------------------- TODAY - 00:00:00

SEQUENCIA POS. ++++.++++1++++.++++2++++.++++3++++.++++4++++.++++5++++.++++6++++.++++7++++.++++8++++.++++9++++.+++10

 0000001    1  011    0000519170205201151917         00000000000000000000000000000000000000000000000000000000000000
          101  0000000000000000000000000000000000000000000000000000000000000000000000000000000000000000000000000000
          201  0000000000000000000000000000                                                                        
 0000002    1  01     0000001022504201178683         00000000000000000000000000000000000000000000000000000000000000
          101  0000000000000000000000000000000000000000000000000000000000000000000000000000000000000000000000000000
          201  0000000000000000000000000000                                                                        
 0000003    1  01     0000002751904201178657         00000000000000000000000000000000000000000000000000000000000000
          101  0000000000000000000000000000000000000000000000000000000000000000000000000000000000000000000000000000
          201  0000000000000000000000000000                                                                        
 0000004    1  01     0000013022804201175800         00000000000000000000000000000000000000000000000000000000000000
          101  0000000000000000000000000000000000000000000000000000000000000000000000000000000000000000000000000000
          201  0000000000000000000000000000                                                                        
 0000005    1  01     0000017622704201178334         00000000000000000000000000000000000000000000000000000000000000
          101  0000000000000000000000000000000000000000000000000000000000000000000000000000000000000000000000000000
          201  0000000000000000000000000000                                                                        
 0000006    1  01     0000029042804201178625         00000000000000000000000000000000000000000000000000000000000000
          101  0000000000000000000000000000000000000000000000000000000000000000000000000000000000000000000000000000
          201  0000000000000000000000000000                                                                        
 0000007    1  01     0000040380504201173628         00000000000000000000000000000000000000000000000000000000000000
          101  0000000000000000000000000000000000000000000000000000000000000000000000000000000000000000000000000000
          201  0000000000000000000000000000                                                                        
 0000008    1  01     0000040540504201173628         00000000000000000000000000000000000000000000000000000000000000
          101  0000000000000000000000000000000000000000000000000000000000000000000000000000000000000000000000000000
          201  0000000000000000000000000000                                                                        
 0000009    1  01     0000040550504201173628         00000000000000000000000000000000000000000000000000000000000000
          101  0000000000000000000000000000000000000000000000000000000000000000000000000000000000000000000000000000
          201  0000000000000000000000000000                                                                        
 0000010    1  01     0000041161304201173628         00000000000000000000000000000000000000000000000000000000000000
          101  0000000000000000000000000000000000000000000000000000000000000000000000000000000000000000000000000000
          201  0000000000000000000000000000                                                                        
 0000011    1  01     0000041171304201173628         00000000000000000000000000000000000000000000000000000000000000
          101  0000000000000000000000000000000000000000000000000000000000000000000000000000000000000000000000000000
          201  0000000000000000000000000000                                                                        
 0000012    1  01     0000041221304201173628         00000000000000000000000000000000000000000000000000000000000000
          101  0000000000000000000000000000000000000000000000000000000000000000000000000000000000000000000000000000
          201  0000000000000000000000000000                                                                        
 0000013    1  01     0000041251304201173628         00000000000000000000000000000000000000000000000000000000000000
          101  0000000000000000000000000000000000000000000000000000000000000000000000000000000000000000000000000000
          201  0000000000000000000000000000                                                                        
 0000014    1  01     0000041481804201173628         00000000000000000000000000000000000000000000000000000000000000
          101  0000000000000000000000000000000000000000000000000000000000000000000000000000000000000000000000000000
          201  0000000000000000000000000000                                                                        
 0000015    1  01     0000041541904201173628         00000000000000000000000000000000000000000000000000000000000000
          101  0000000000000000000000000000000000000000000000000000000000000000000000000000000000000000000000000000
          201  0000000000000000000000000000                                                                        
 0000016    1  01     0000041561904201173628         00000000000000000000000000000000000000000000000000000000000000
          101  0000000000000000000000000000000000000000000000000000000000000000000000000000000000000000000000000000
          201  0000000000000000000000000000                                                                        
 0000017    1  01     0000041571904201173628         00000000000000000000000000000000000000000000000000000000000000
          101  0000000000000000000000000000000000000000000000000000000000000000000000000000000000000000000000000000
          201  0000000000000000000000000000                                                                        
 0000018    1  01     0000041581904201173628         00000000000000000000000000000000000000000000000000000000000000
          101  0000000000000000000000000000000000000000000000000000000000000000000000000000000000000000000000000000
          201  0000000000000000000000000000                                                                        
 0000019    1  01     0000041591904201173628         00000000000000000000000000000000000000000000000000000000000000
          101  0000000000000000000000000000000000000000000000000000000000000000000000000000000000000000000000000000
          201  0000000000000000000000000000                                                                        
------------------------------------------------------------------------------DATASUL - OBRIGAÇÕES FISCAIS - OF0739A - V:0.00.00.000
------------------------------------------------------------------------------------------------------------------------------------
                                                 Dump 30 pri.reg. Compl. Entr Mercad/Serv Terc                         Página:     2
-------------------------------------------------------------------------------------------------------------- TODAY - 00:00:00

SEQUENCIA POS. ++++.++++1++++.++++2++++.++++3++++.++++4++++.++++5++++.++++6++++.++++7++++.++++8++++.++++9++++.+++10

 0000020    1  01     0000041601904201173628         00000000000000000000000000000000000000000000000000000000000000
          101  0000000000000000000000000000000000000000000000000000000000000000000000000000000000000000000000000000
          201  0000000000000000000000000000                                                                        
 0000021    1  01     0000041992504201173628         00000000000000000000000000000000000000000000000000000000000000
          101  0000000000000000000000000000000000000000000000000000000000000000000000000000000000000000000000000000
          201  0000000000000000000000000000                                                                        
 0000022    1  01     0000042012504201173628         00000000000000000000000000000000000000000000000000000000000000
          101  0000000000000000000000000000000000000000000000000000000000000000000000000000000000000000000000000000
          201  0000000000000000000000000000                                                                        
 0000023    1  01     0000217352804201170134         00000000000000000000000000000000000000000000000000000000000000
          101  0000000000000000000000000000000000000000000000000000000000000000000000000000000000000000000000000000
          201  0000000000000000000000000000                                                                        
 0000024    1  01     0000294882804201178452         00000000000000000000000000000000000000000000000000000000000000
          101  0000000000000000000000000000000000000000000000000000000000000000000000000000000000000000000000000000
          201  0000000000000000000000000000                                                                        
 0000025    1  011    0000000642804201176897         00000000000000000000000000000000000000000000000000000000000000
          101  0000000000000000000000000000000000000000000000000000000000000000000000000000000000000000000000000000
          201  0000000000000000000000000000                                                                        
 0000026    1  011    0000000652904201176897         00000000000000000000000000000000000000000000000000000000000000
          101  0000000000000000000000000000000000000000000000000000000000000000000000000000000000000000000000000000
          201  0000000000000000000000000000                                                                        
 0000027    1  011    0000000682904201176267         00000000000000000000000000000000000000000000000000000000000000
          101  0000000000000000000000000000000000000000000000000000000000000000000000000000000000000000000000000000
          201  0000000000000000000000000000                                                                        
 0000028    1  011    0000000682904201176897         00000000000000000000000000000000000000000000000000000000000000
          101  0000000000000000000000000000000000000000000000000000000000000000000000000000000000000000000000000000
          201  0000000000000000000000000000                                                                        
 0000029    1  011    0000000891804201171092         00000000000000000000000000000000000000000000000000000000000000
          101  0000000000000000000000000000000000000000000000000000000000000000000000000000000000000000000000000000
          201  0000000000000000000000000000                                                                        
 0000030    1  011    0000001230804201178717         00000000000000000000000000000000000000000000000000000000000000
          101  0000000000000000000000000000000000000000000000000000000000000000000000000000000000000000000000000000
          201  0000000000000000000000000000                                                                        
























------------------------------------------------------------------------------DATASUL - OBRIGAÇÕES FISCAIS - OF0739A - V:0.00.00.000
