------------------------------------------------------------------------------------------------------------------------------------
                                                 Dump 30 pri.reg. Compl. Mestre Mercadorias/Servico                    Página:     1
-------------------------------------------------------------------------------------------------------------- TODAY - 00:00:00

SEQUENCIA POS. ++++.++++1++++.++++2++++.++++3++++.++++4++++.++++5++++.++++6++++.++++7++++.++++8++++.++++9++++.+++10

 0000001    1  551    000000111010520110000000000000000000000000000000000000000000000000000000000000000000000000000
          101  0000000000000000000000000000000000000000000000000000000000000000000000000000000000000000000000000000
          201  00000000000000                                                                                      
 0000002    1  011    123456789010520110000000000000000000000000000000000000000000000000000000000000000000000000000
          101  0000000000000000000000000000000000000000000000000000000000000000000000000000000000000000000000000000
          201  00000000000000                                                                                      
 0000003    1  015    004052011010520110000000000000000000000000000000000000000000000000000000000000000000000000000
          101  0000000000000000000000000000000000000000000000000000000000000000000000000000000000000000000000000000
          201  00000000000000                                                                                      
 0000004    1  015    005052011010520110000000000000000000000000000000000000000000000000000000000000000000000000000
          101  0000000000000000000000000000000000000000000000000000000000000000000000000000000000000000000000000000
          201  00000000000000                                                                                      
 0000005    1  015    006052011010520110000000000000000000000000000000000000000000000000000000000000000000000000000
          101  0000000000000000000000000000000000000000000000000000000000000000000000000000000000000000000000000000
          201  00000000000000                                                                                      
 0000006    1  015    008052011010520110000000000000000100000000000000000098630000000000000000100000000000000000183
          101  7900000000000000000000000000000000000000000000000000000000000000000000000000000000000000000000000000
          201  00000000000000                                                                                      
 0000007    1  015    009052011010520110000000000000000100000000000000000047560000000000000000100000000000000000111
          101  1900000000000000000000000000000000000000000000000000000000000000000000000000000000000000000000000000
          201  00000000000000                                                                                      
 0000008    1  015    009252011010520110000000000000000100000000000000000031580000000000000000100000000000000000074
          101  3300000000000000000000000000000000000000000000000000000000000000000000000000000000000000000000000000
          201  00000000000000                                                                                      
 0000009    1  015    009352011010520110000000000000001000000000000000000099990000000000000001000000000000000000999
          101  9900000000000000000000000000000000000000000000000000000000000000000000000000000000000000000000000000
          201  00000000000000                                                                                      
 0000010    1  011    000083010030520110000000000000000000000000000000000000000000000000000000000000000000000000000
          101  0000000000000000000000000000000000000000000000000000000000000000000000000000000000000000000000000000
          201  00000000000000                                                                                      
 0000011    1  011    000083011030520110000000000000000000000000000000000000000000000000000000000000000000000000000
          101  0000000000000000000000000000000000000000000000000000000000000000000000000000000000000000000000000000
          201  00000000000000                                                                                      
 0000012    1  011    000083012030520110000000000000000000000000000000000000000000000000000000000000000000000000000
          101  0000000000000000000000000000000000000000000000000000000000000000000000000000000000000000000000000000
          201  00000000000000                                                                                      
 0000013    1  011    000083013030520110000000000000000000000000000000000000000000000000000000000000000000000000000
          101  0000000000000000000000000000000000000000000000000000000000000000000000000000000000000000000000000000
          201  00000000000000                                                                                      
 0000014    1  011    000083014030520110000000000000000000000000000000000000000000000000000000000000000000000000000
          101  0000000000000000000000000000000000000000000000000000000000000000000000000000000000000000000000000000
          201  00000000000000                                                                                      
 0000015    1  011    000083015030520110000000000000000000000000000000000000000000000000000000000000000000000000000
          101  0000000000000000000000000000000000000000000000000000000000000000000000000000000000000000000000000000
          201  00000000000000                                                                                      
 0000016    1  011    000083017030520110000000000000000000000000000000000000000000000000000000000000000000000000000
          101  0000000000000000000000000000000000000000000000000000000000000000000000000000000000000000000000000000
          201  00000000000000                                                                                      
 0000017    1  551    000083018030520110000000000000000000000000000000000000000000000000000000000000000000000000000
          101  0000000000000000000000000000000000000000000000000000000000000000000000000000000000000000000000000000
          201  00000000000000                                                                                      
 0000018    1  011    000083019030520110000000000000000000000000000000000000000000000000000000000000000000000000000
          101  0000000000000000000000000000000000000000000000000000000000000000000000000000000000000000000000000000
          201  00000000000000                                                                                      
 0000019    1  011    000083020030520110000000000000000000000000000000000000000000000000000000000000000000000000000
          101  0000000000000000000000000000000000000000000000000000000000000000000000000000000000000000000000000000
          201  00000000000000                                                                                      
------------------------------------------------------------------------------DATASUL - OBRIGAÇÕES FISCAIS - OF0739A - V:0.00.00.000
------------------------------------------------------------------------------------------------------------------------------------
                                                 Dump 30 pri.reg. Compl. Mestre Mercadorias/Servico                    Página:     2
-------------------------------------------------------------------------------------------------------------- TODAY - 00:00:00

SEQUENCIA POS. ++++.++++1++++.++++2++++.++++3++++.++++4++++.++++5++++.++++6++++.++++7++++.++++8++++.++++9++++.+++10

 0000020    1  551    000083021030520110000000000000000000000000000000000000000000000000000000000000000000000000000
          101  0000000000000000000000000000000000000000000000000000000000000000000000000000000000000000000000000000
          201  00000000000000                                                                                      
 0000021    1  012    000255576030520110000000000000000000000000000000000000000000000000000000000000000000000000000
          101  0000000000000000000000000000000000000000000000000000000000000000000000000000000000000000000000000000
          201  00000000000000                                                                                      
 0000022    1  012    000255578030520110000000000000000000000000000000000000000000000000000000000000000000000000000
          101  0000000000000000000000000000000000000000000000000000000000000000000000000000000000000000000000000000
          201  00000000000000                                                                                      
 0000023    1  012    000255579030520110000000000000000000000000000000000000000000000000000000000000000000000000000
          101  0000000000000000000000000000000000000000000000000000000000000000000000000000000000000000000000000000
          201  00000000000000                                                                                      
 0000024    1  012    000255580030520110000000000000000000000000000000000000000000000000000000000000000000000000000
          101  0000000000000000000000000000000000000000000000000000000000000000000000000000000000000000000000000000
          201  00000000000000                                                                                      
 0000025    1  012    000255581030520110000000000000000000000000000000000000000000000000000000000000000000000000000
          101  0000000000000000000000000000000000000000000000000000000000000000000000000000000000000000000000000000
          201  00000000000000                                                                                      
 0000026    1  012    000255582030520110000000000000000000000000000000000000000000000000000000000000000000000000000
          101  0000000000000000000000000000000000000000000000000000000000000000000000000000000000000000000000000000
          201  00000000000000                                                                                      
 0000027    1  012    000255583030520110000000000000000000000000000000000000000000000000000000000000000000000000000
          101  0000000000000000000000000000000000000000000000000000000000000000000000000000000000000000000000000000
          201  00000000000000                                                                                      
 0000028    1  552    000255584030520110000000000000000000000000000000000000000000000000000000000000000000000000000
          101  0000000000000000000000000000000000000000000000000000000000000000000000000000000000000000000000000000
          201  00000000000000                                                                                      
 0000029    1  552    000255585030520110000000000000000000000000000000000000000000000000000000000000000000000000000
          101  0000000000000000000000000000000000000000000000000000000000000000000000000000000000000000000000000000
          201  00000000000000                                                                                      
 0000030    1  552    000255586030520110000000000000000000000000000000000000000000000000000000000000000000000000000
          101  0000000000000000000000000000000000000000000000000000000000000000000000000000000000000000000000000000
          201  00000000000000                                                                                      
























------------------------------------------------------------------------------DATASUL - OBRIGAÇÕES FISCAIS - OF0739A - V:0.00.00.000
