------------------------------------------------------------------------------------------------------------------------------------
                                                 Dump 30 pri.reg. Arq. Compl. Itens Mercadorias/Ser                    Página:     1
-------------------------------------------------------------------------------------------------------------- TODAY - 00:00:00

SEQUENCIA POS. ++++.++++1++++.++++2++++.++++3++++.++++4++++.++++5++++.++++6++++.++++7++++.++++8++++.++++9++++.+++10

 0000001    1  551    00000011101052011001  000000000000000000000000000000000000000000  000000000000000000000000000
          101  00000000000000001052011                                                                             
 0000002    1  011    12345678901052011001  000000000000000000000000000000000000000000  000000000000000000000000000
          101  00000000000000001052011                                                                             
 0000003    1  015    00405201101052011001  000000000000000000000000000000000000000000  000000000000000000000000000
          101  00000000000000001052011                                                                             
 0000004    1  015    00505201101052011001  000000000000000000000000000000000000000000  000000000000000000000000000
          101  00000000000000001052011                                                                             
 0000005    1  015    00605201101052011001  000000000000000000000000000000000000000000  000000000000000000000000000
          101  00000000000000001052011                                                                             
 0000006    1  015    008052011010520110010600000000000000000000000000000000000000000006000000000000000000000000000
          101  00000000000000001052011                                                                             
 0000007    1  015    009052011010520110010600000000000000000000000000000000000000000006000000000000000000000000000
          101  00000000000000001052011                                                                             
 0000008    1  015    009252011010520110010600000000000000000000000000000000000000000006000000000000000000000000000
          101  00000000000000001052011                                                                             
 0000009    1  015    009352011010520110010600000000000000000000000000000000000000000006000000000000000000000000000
          101  00000000000000001052011                                                                             
 0000010    1  011    000083010030520110010100016500000000000038000000000000000000627001000760000000000000380000000
          101  00000000002888003052011                                                                             
 0000011    1  011    000083011030520110010100016500000000000036000000000000000000594001000760000000000000360000000
          101  00000000002736003052011                                                                             
 0000012    1  011    000083011030520110020200016500000000000032000000000000000000528002000760000000000000320000000
          101  00000000002432003052011                                                                             
 0000013    1  011    000083011030520110030100016500000000000010000000000000000000165001000760000000000000100000000
          101  00000000000760003052011                                                                             
 0000014    1  011    000083013030520110010100016500000000000027890000000000000000460201000760000000000000278900000
          101  00000000002119603052011                                                                             
 0000015    1  011    000083013030520110020200016500000000000012000000000000000000198002000760000000000000120000000
          101  00000000000912003052011                                                                             
 0000016    1  011    000083014030520110010100016500000000000016000000000000000000264001000760000000000000160000000
          101  00000000001216003052011                                                                             
 0000017    1  011    000083015030520110010100016500000000000064100000000000000001057701000760000000000000641000000
          101  00000000004871603052011                                                                             
 0000018    1  011    000083015030520110020200016500000000000060000000000000000000990002000760000000000000600000000
          101  00000000004560003052011                                                                             
 0000019    1  011    000083017030520110010100016500000000000075600000000000000001247401000760000000000000756000000
          101  00000000005745603052011                                                                             
 0000020    1  551    000083018030520110010100016500000000000010000000000000000000165001000760000000000000100000000
          101  00000000000760003052011                                                                             
 0000021    1  011    000083019030520110010100016500000000000200000000000000000003300001000760000000000002000000000
          101  00000000015200003052011                                                                             
 0000022    1  011    000083020030520110010100016500000000000034500000000000000000569301000760000000000000345000000
          101  00000000002622003052011                                                                             
 0000023    1  011    00008302003052011002  000000000000000000000000000000000000000000  000000000000000000000000000
          101  00000000000000003052011                                                                             
 0000024    1  551    000083021030520110010100016500000000000010000000000000000000165001000760000000000000100000000
          101  00000000000760003052011                                                                             
 0000025    1  012    000255576030520110020600000000000000000090000000000000000000000006000000000000000000900000000
          101  00000000000000003052011                                                                             
 0000026    1  012    000255576030520110010100016500000000000010000000000000000000165001000760000000000000100000000
          101  00000000000760003052011                                                                             
 0000027    1  012    000255579030520110010100016500000000000394817500000000000006514501000760000000000003948175000
          101  00000000030006103052011                                                                             
 0000028    1  012    000255580030520110010100016500000000000240000000000000000003960001000760000000000002400000000
          101  00000000018240003052011                                                                             
 0000029    1  012    000255581030520110010100016500000000000038900000000000000000641901000760000000000000389000000
------------------------------------------------------------------------------DATASUL - OBRIGAÇÕES FISCAIS - OF0739A - V:0.00.00.000
------------------------------------------------------------------------------------------------------------------------------------
                                                 Dump 30 pri.reg. Arq. Compl. Itens Mercadorias/Ser                    Página:     2
-------------------------------------------------------------------------------------------------------------- TODAY - 00:00:00

SEQUENCIA POS. ++++.++++1++++.++++2++++.++++3++++.++++4++++.++++5++++.++++6++++.++++7++++.++++8++++.++++9++++.+++10

          101  00000000002956403052011                                                                             
 0000030    1  012    000255582030520110010100016500000000000054100000000000000000892701000760000000000000541000000
          101  00000000004111603052011                                                                             






















































------------------------------------------------------------------------------DATASUL - OBRIGAÇÕES FISCAIS - OF0739A - V:0.00.00.000
