------------------------------------------------------------------------------------------------------------------------------------
                                                 Dump 30 pri.reg Arq Compl Entr Mercad/Serv Terc                       Página:     1
-------------------------------------------------------------------------------------------------------------- TODAY - 00:00:00

SEQUENCIA POS. ++++.++++1++++.++++2++++.++++3++++.++++4++++.++++5++++.++++6++++.++++7++++.++++8++++.++++9++++.+++10

 0000001    1  011    0000519170205201151917         001  000000000000000000000000000000000000000000000000000000000
          101  000000000000000000000000000000000000  00000000000000000000000000000000000000000000000000000000000000
          201  000000000000000000000000000000002052011                                                             
 0000002    1  01     0000001022504201178683         00107000000000000000000000000000000000000000000000000000000000
          101  0000000000000000000000000000000000000700000000000000000000000000000000000000000000000000000000000000
          201  000000000000000000000000000000003052011                                                             
 0000003    1  01     0000002751904201178657         00107000000000000000000000000000000000000000000000000000000000
          101  0000000000000000000000000000000000000700000000000000000000000000000000000000000000000000000000000000
          201  000000000000000000000000000000003052011                                                             
 0000004    1  01     0000002751904201178657         00207000000000000000000000000000000000000000000000000000000000
          101  0000000000000000000000000000000000000700000000000000000000000000000000000000000000000000000000000000
          201  000000000000000000000000000000003052011                                                             
 0000005    1  01     0000002751904201178657         00307000000000000000000000000000000000000000000000000000000000
          101  0000000000000000000000000000000000000700000000000000000000000000000000000000000000000000000000000000
          201  000000000000000000000000000000003052011                                                             
 0000006    1  01     0000002751904201178657         00407000000000000000000000000000000000000000000000000000000000
          101  0000000000000000000000000000000000000700000000000000000000000000000000000000000000000000000000000000
          201  000000000000000000000000000000003052011                                                             
 0000007    1  01     0000002751904201178657         00507000000000000000000000000000000000000000000000000000000000
          101  0000000000000000000000000000000000000700000000000000000000000000000000000000000000000000000000000000
          201  000000000000000000000000000000003052011                                                             
 0000008    1  01     0000013022804201175800         00106000000000000000000000000000000000000000000000000000000000
          101  0000000000000000000000000000000000000600000000000000000000000000000000000000000000000000000000000000
          201  000000000000000000000000000000003052011                                                             
 0000009    1  01     0000013022804201175800         00206000000000000000000000000000000000000000000000000000000000
          101  0000000000000000000000000000000000000600000000000000000000000000000000000000000000000000000000000000
          201  000000000000000000000000000000003052011                                                             
 0000010    1  01     0000017622704201178334         00106000000000000000000000000000000000000000000000000000000000
          101  0000000000000000000000000000000000000600000000000000000000000000000000000000000000000000000000000000
          201  000000000000000000000000000000003052011                                                             
 0000011    1  01     0000029042804201178625         01407000000000000000000000000000000000000000000000000000000000
          101  0000000000000000000000000000000000000700000000000000000000000000000000000000000000000000000000000000
          201  000000000000000000000000000000003052011                                                             
 0000012    1  01     0000029042804201178625         01507000000000000000000000000000000000000000000000000000000000
          101  0000000000000000000000000000000000000700000000000000000000000000000000000000000000000000000000000000
          201  000000000000000000000000000000003052011                                                             
 0000013    1  01     0000029042804201178625         00107000000000000000000000000000000000000000000000000000000000
          101  0000000000000000000000000000000000000700000000000000000000000000000000000000000000000000000000000000
          201  000000000000000000000000000000003052011                                                             
 0000014    1  01     0000029042804201178625         00207000000000000000000000000000000000000000000000000000000000
          101  0000000000000000000000000000000000000700000000000000000000000000000000000000000000000000000000000000
          201  000000000000000000000000000000003052011                                                             
 0000015    1  01     0000029042804201178625         00307000000000000000000000000000000000000000000000000000000000
          101  0000000000000000000000000000000000000700000000000000000000000000000000000000000000000000000000000000
          201  000000000000000000000000000000003052011                                                             
 0000016    1  01     0000029042804201178625         00407000000000000000000000000000000000000000000000000000000000
          101  0000000000000000000000000000000000000700000000000000000000000000000000000000000000000000000000000000
          201  000000000000000000000000000000003052011                                                             
 0000017    1  01     0000029042804201178625         00507000000000000000000000000000000000000000000000000000000000
          101  0000000000000000000000000000000000000700000000000000000000000000000000000000000000000000000000000000
          201  000000000000000000000000000000003052011                                                             
 0000018    1  01     0000029042804201178625         00607000000000000000000000000000000000000000000000000000000000
          101  0000000000000000000000000000000000000700000000000000000000000000000000000000000000000000000000000000
          201  000000000000000000000000000000003052011                                                             
 0000019    1  01     0000029042804201178625         00707000000000000000000000000000000000000000000000000000000000
          101  0000000000000000000000000000000000000700000000000000000000000000000000000000000000000000000000000000
          201  000000000000000000000000000000003052011                                                             
------------------------------------------------------------------------------DATASUL - OBRIGAÇÕES FISCAIS - OF0739A - V:0.00.00.000
------------------------------------------------------------------------------------------------------------------------------------
                                                 Dump 30 pri.reg Arq Compl Entr Mercad/Serv Terc                       Página:     2
-------------------------------------------------------------------------------------------------------------- TODAY - 00:00:00

SEQUENCIA POS. ++++.++++1++++.++++2++++.++++3++++.++++4++++.++++5++++.++++6++++.++++7++++.++++8++++.++++9++++.+++10

 0000020    1  01     0000029042804201178625         00807000000000000000000000000000000000000000000000000000000000
          101  0000000000000000000000000000000000000700000000000000000000000000000000000000000000000000000000000000
          201  000000000000000000000000000000003052011                                                             
 0000021    1  01     0000029042804201178625         00907000000000000000000000000000000000000000000000000000000000
          101  0000000000000000000000000000000000000700000000000000000000000000000000000000000000000000000000000000
          201  000000000000000000000000000000003052011                                                             
 0000022    1  01     0000029042804201178625         01007000000000000000000000000000000000000000000000000000000000
          101  0000000000000000000000000000000000000700000000000000000000000000000000000000000000000000000000000000
          201  000000000000000000000000000000003052011                                                             
 0000023    1  01     0000029042804201178625         01107000000000000000000000000000000000000000000000000000000000
          101  0000000000000000000000000000000000000700000000000000000000000000000000000000000000000000000000000000
          201  000000000000000000000000000000003052011                                                             
 0000024    1  01     0000029042804201178625         01207000000000000000000000000000000000000000000000000000000000
          101  0000000000000000000000000000000000000700000000000000000000000000000000000000000000000000000000000000
          201  000000000000000000000000000000003052011                                                             
 0000025    1  01     0000029042804201178625         01307000000000000000000000000000000000000000000000000000000000
          101  0000000000000000000000000000000000000700000000000000000000000000000000000000000000000000000000000000
          201  000000000000000000000000000000003052011                                                             
 0000026    1  01     0000040380504201173628         00106000000000000000000000000000000000000000000000000000000000
          101  0000000000000000000000000000000000000600000000000000000000000000000000000000000000000000000000000000
          201  000000000000000000000000000000003052011                                                             
 0000027    1  01     0000040540504201173628         00106000000000000000000000000000000000000000000000000000000000
          101  0000000000000000000000000000000000000600000000000000000000000000000000000000000000000000000000000000
          201  000000000000000000000000000000003052011                                                             
 0000028    1  01     0000040550504201173628         00106000000000000000000000000000000000000000000000000000000000
          101  0000000000000000000000000000000000000600000000000000000000000000000000000000000000000000000000000000
          201  000000000000000000000000000000003052011                                                             
 0000029    1  01     0000041161304201173628         00106000000000000000000000000000000000000000000000000000000000
          101  0000000000000000000000000000000000000600000000000000000000000000000000000000000000000000000000000000
          201  000000000000000000000000000000003052011                                                             
 0000030    1  01     0000041171304201173628         00106000000000000000000000000000000000000000000000000000000000
          101  0000000000000000000000000000000000000600000000000000000000000000000000000000000000000000000000000000
          201  000000000000000000000000000000003052011                                                             
























------------------------------------------------------------------------------DATASUL - OBRIGAÇÕES FISCAIS - OF0739A - V:0.00.00.000
