------------------------------------------------------------------------------------------------------------------------------------
                                                 Dump 30 ult.reg. Compl. Mestre Mercadorias/Servico                    Página:     1
-------------------------------------------------------------------------------------------------------------- TODAY - 00:00:00

SEQUENCIA POS. ++++.++++1++++.++++2++++.++++3++++.++++4++++.++++5++++.++++6++++.++++7++++.++++8++++.++++9++++.+++10

 0000863    1  555    000075928060520110000000000000000000000000000000000000000000000000000000000000000000000000000
          101  0000000000000000000000000000000000000000000000000000000000000000000000000000000000000000000000000000
          201  00000000000000                                                                                      
 0000864    1  555    000075929060520110000000000000000000000000000000000000000000000000000000000000000000000000000
          101  0000000000000000000000000000000000000000000000000000000000000000000000000000000000000000000000000000
          201  00000000000000                                                                                      
 0000865    1  555    000075930060520110000000000000000000000000000000000000000000000000000000000000000000000000000
          101  0000000000000000000000000000000000000000000000000000000000000000000000000000000000000000000000000000
          201  00000000000000                                                                                      
 0000866    1  555    000075931060520110000000000000000000000000000000000000000000000000000000000000000000000000000
          101  0000000000000000000000000000000000000000000000000000000000000000000000000000000000000000000000000000
          201  00000000000000                                                                                      
 0000867    1  555    000075932060520110000000000000000000000000000000000000000000000000000000000000000000000000000
          101  0000000000000000000000000000000000000000000000000000000000000000000000000000000000000000000000000000
          201  00000000000000                                                                                      
 0000868    1  555    000075933060520110000000000000000000000000000000000000000000000000000000000000000000000000000
          101  0000000000000000000000000000000000000000000000000000000000000000000000000000000000000000000000000000
          201  00000000000000                                                                                      
 0000869    1  555    000075934060520110000000000000000000000000000000000000000000000000000000000000000000000000000
          101  0000000000000000000000000000000000000000000000000000000000000000000000000000000000000000000000000000
          201  00000000000000                                                                                      
 0000870    1  555    000075935060520110000000000000000000000000000000000000000000000000000000000000000000000000000
          101  0000000000000000000000000000000000000000000000000000000000000000000000000000000000000000000000000000
          201  00000000000000                                                                                      
 0000871    1  555    000075936060520110000000000000000000000000000000000000000000000000000000000000000000000000000
          101  0000000000000000000000000000000000000000000000000000000000000000000000000000000000000000000000000000
          201  00000000000000                                                                                      
 0000872    1  555    000075937060520110000000000000000000000000000000000000000000000000000000000000000000000000000
          101  0000000000000000000000000000000000000000000000000000000000000000000000000000000000000000000000000000
          201  00000000000000                                                                                      
 0000873    1  555    000075938060520110000000000000000000000000000000000000000000000000000000000000000000000000000
          101  0000000000000000000000000000000000000000000000000000000000000000000000000000000000000000000000000000
          201  00000000000000                                                                                      
 0000874    1  555    000075939060520110000000000000000000000000000000000000000000000000000000000000000000000000000
          101  0000000000000000000000000000000000000000000000000000000000000000000000000000000000000000000000000000
          201  00000000000000                                                                                      
 0000875    1  555    000075940060520110000000000000000000000000000000000000000000000000000000000000000000000000000
          101  0000000000000000000000000000000000000000000000000000000000000000000000000000000000000000000000000000
          201  00000000000000                                                                                      
 0000876    1  555    000075941060520110000000000000000000000000000000000000000000000000000000000000000000000000000
          101  0000000000000000000000000000000000000000000000000000000000000000000000000000000000000000000000000000
          201  00000000000000                                                                                      
 0000877    1  555    000075942060520110000000000000000000000000000000000000000000000000000000000000000000000000000
          101  0000000000000000000000000000000000000000000000000000000000000000000000000000000000000000000000000000
          201  00000000000000                                                                                      
 0000878    1  555    000075943060520110000000000000000000000000000000000000000000000000000000000000000000000000000
          101  0000000000000000000000000000000000000000000000000000000000000000000000000000000000000000000000000000
          201  00000000000000                                                                                      
 0000879    1  555    000075944060520110000000000000000000000000000000000000000000000000000000000000000000000000000
          101  0000000000000000000000000000000000000000000000000000000000000000000000000000000000000000000000000000
          201  00000000000000                                                                                      
 0000880    1  555    000075945060520110000000000000000000000000000000000000000000000000000000000000000000000000000
          101  0000000000000000000000000000000000000000000000000000000000000000000000000000000000000000000000000000
          201  00000000000000                                                                                      
 0000881    1  015    532153211060520110000000000000000000000000000000000000000000000000000000000000000000000000000
          101  0000000000000000000000000000000000000000000000000000000000000000000000000000000000000000000000000000
          201  00000000000000                                                                                      
------------------------------------------------------------------------------DATASUL - OBRIGAÇÕES FISCAIS - OF0739A - V:0.00.00.000
------------------------------------------------------------------------------------------------------------------------------------
                                                 Dump 30 ult.reg. Compl. Mestre Mercadorias/Servico                    Página:     2
-------------------------------------------------------------------------------------------------------------- TODAY - 00:00:00

SEQUENCIA POS. ++++.++++1++++.++++2++++.++++3++++.++++4++++.++++5++++.++++6++++.++++7++++.++++8++++.++++9++++.+++10

 0000882    1  551    000000827200520110000000000000000000000000000000000000000000000000000000000000000000000000000
          101  0000000000000000000000000000000000000000000000000000000000000000000000000000000000000000000000000000
          201  00000000000000                                                                                      
 0000883    1  551    000000852200520110000000000000000000000000000000000000000000000000000000000000000000000000000
          101  0000000000000000000000000000000000000000000000000000000000000000000000000000000000000000000000000000
          201  00000000000000                                                                                      
 0000884    1  011    000000904200520110000000000000000000000000000000000000000000000000000000000000000000000000000
          101  0000000000000000000000000000000000000000000000000000000000000000000000000000000000000000000000000000
          201  00000000000000                                                                                      
 0000885    1  011    000000907200520110000000000000000000000000000000000000000000000000000000000000000000000000000
          101  0000000000000000000000000000000000000000000000000000000000000000000000000000000000000000000000000000
          201  00000000000000                                                                                      
 0000886    1  551    000000950200520110000000000000000000000000000000000000000000000000000000000000000000000000000
          101  0000000000000000000000000000000000000000000000000000000000000000000000000000000000000000000000000000
          201  00000000000000                                                                                      
 0000887    1  551    000000957200520110000000000000000000000000000000000000000000000000000000000000000000000000000
          101  0000000000000000000000000000000000000000000000000000000000000000000000000000000000000000000000000000
          201  00000000000000                                                                                      
 0000888    1  011    000001035200520110000000000000000000000000000000000000000000000000000000000000000000000000000
          101  0000000000000000000000000000000000000000000000000000000000000000000000000000000000000000000000000000
          201  00000000000000                                                                                      
 0000889    1  551    000001338200520110000000000000000000000000000000000000000000000000000000000000000000000000000
          101  0000000000000000000000000000000000000000000000000000000000000000000000000000000000000000000000000000
          201  00000000000000                                                                                      
 0000890    1  551    000001502200520110000000000000000000000000000000000000000000000000000000000000000000000000000
          101  0000000000000000000000000000000000000000000000000000000000000000000000000000000000000000000000000000
          201  00000000000000                                                                                      
 0000891    1  551    000001600200520110000000000000000000000000000000000000000000000000000000000000000000000000000
          101  0000000000000000000000000000000000000000000000000000000000000000000000000000000000000000000000000000
          201  00000000000000                                                                                      
 0000892    1  011    452144521200520110000000000000000000000000000000000000000000000000000000000000000000000000000
          101  0000000000000000000000000000000000000000000000000000000000000000000000000000000000000000000000000000
          201  00000000000000                                                                                      
























------------------------------------------------------------------------------DATASUL - OBRIGAÇÕES FISCAIS - OF0739A - V:0.00.00.000
