------------------------------------------------------------------------------------------------------------------------------------
                                                 Dump 30 ult.reg. Arq. Compl. Itens Mercadorias/Ser                    Página:     1
-------------------------------------------------------------------------------------------------------------- TODAY - 00:00:00

SEQUENCIA POS. ++++.++++1++++.++++2++++.++++3++++.++++4++++.++++5++++.++++6++++.++++7++++.++++8++++.++++9++++.+++10

 0003195    1  555    000075938060520110190600000000000000000007866300000000000000129806000000000000000000078663000
          101  00000000000597806052011                                                                             
 0003196    1  555    000075938060520110200600000000000000000006808000000000000000112306000000000000000000068080000
          101  00000000000517406052011                                                                             
 0003197    1  555    000075938060520110210600000000000000000018160800000000000000299706000000000000000000181608000
          101  00000000001380206052011                                                                             
 0003198    1  555    000075939060520110010600000000000000000006966200000000000000114906000000000000000000069662000
          101  00000000000529406052011                                                                             
 0003199    1  555    000075939060520110020600000000000000000017178400000000000000283406000000000000000000171784000
          101  00000000001305606052011                                                                             
 0003200    1  555    000075940060520110010600000000000000000003760600000000000000062006000000000000000000037606000
          101  00000000000285806052011                                                                             
 0003201    1  555    000075940060520110020600000000000000000008747700000000000000144306000000000000000000087477000
          101  00000000000664806052011                                                                             
 0003202    1  555    000075940060520110030600000000000000000010010300000000000000165206000000000000000000100103000
          101  00000000000760806052011                                                                             
 0003203    1  555    00007594106052011001  000000000000000000000000000000000000000000  000000000000000000000000000
          101  00000000000000006052011                                                                             
 0003204    1  555    000075942060520110010600000000000000000015458000000000000000255106000000000000000000154580000
          101  00000000001174806052011                                                                             
 0003205    1  555    000075942060520110020600000000000000000008604400000000000000142006000000000000000000086044000
          101  00000000000653906052011                                                                             
 0003206    1  555    000075943060520110010600000000000000000013676000000000000000225706000000000000000000136760000
          101  00000000001039406052011                                                                             
 0003207    1  555    000075943060520110020600000000000000000004791000000000000000079106000000000000000000047910000
          101  00000000000364106052011                                                                             
 0003208    1  555    000075944060520110010600000000000000000014302000000000000000236006000000000000000000143020000
          101  00000000001087006052011                                                                             
 0003209    1  555    000075944060520110020600000000000000000075620000000000000001247706000000000000000000756200000
          101  00000000005747106052011                                                                             
 0003210    1  555    000075945060520110010600000000000000000005470400000000000000090306000000000000000000054704000
          101  00000000000415806052011                                                                             
 0003211    1  555    000075945060520110020600000000000000000006435800000000000000106206000000000000000000064358000
          101  00000000000489106052011                                                                             
 0003212    1  555    000075945060520110030600000000000000000007562000000000000000124806000000000000000000075620000
          101  00000000000574706052011                                                                             
 0003213    1  551    000000827200520110010100016500000000000001000000000000000000016501000760000000000000010000000
          101  00000000000076020052011                                                                             
 0003214    1  551    000000852200520110010700016500000000000002500000000000000000000007000760000000000000025000000
          101  00000000000000020052011                                                                             
 0003215    1  011    000000904200520110010100016500000000000001900000000000000000031301000760000000000000019000000
          101  00000000000144420052011                                                                             
 0003216    1  011    00000090720052011001  000000000000000000000000000000000000000000  000000000000000000000000000
          101  00000000000000020052011                                                                             
 0003217    1  551    000000950200520110010100016500000000000001250000000000000000020601000760000000000000012500000
          101  00000000000095020052011                                                                             
 0003218    1  551    000000957200520110010100016500000000000005000000000000000000082501000760000000000000050000000
          101  00000000000380020052011                                                                             
 0003219    1  011    000001035200520110010100016500000000000005000000000000000000082501000760000000000000050000000
          101  00000000000380020052011                                                                             
 0003220    1  011    000001035200520110020100016500000000000010000000000000000000165001000760000000000000100000000
          101  00000000000760020052011                                                                             
 0003221    1  551    000001338200520110010100016500000000000001750000000000000000028801000760000000000000017500000
          101  00000000000133020052011                                                                             
 0003222    1  551    000001502200520110010700016500000000000001350000000000000000000007000760000000000000013500000
          101  00000000000000020052011                                                                             
 0003223    1  551    000001600200520110010700016500000000000002200000000000000000000007000760000000000000022000000
------------------------------------------------------------------------------DATASUL - OBRIGAÇÕES FISCAIS - OF0739A - V:0.00.00.000
------------------------------------------------------------------------------------------------------------------------------------
                                                 Dump 30 ult.reg. Arq. Compl. Itens Mercadorias/Ser                    Página:     2
-------------------------------------------------------------------------------------------------------------- TODAY - 00:00:00

SEQUENCIA POS. ++++.++++1++++.++++2++++.++++3++++.++++4++++.++++5++++.++++6++++.++++7++++.++++8++++.++++9++++.+++10

          101  00000000000000020052011                                                                             
 0003224    1  011    452144521200520110010700016500000000000002500000000000000000000007000760000000000000025000000
          101  00000000000000020052011                                                                             






















































------------------------------------------------------------------------------DATASUL - OBRIGAÇÕES FISCAIS - OF0739A - V:0.00.00.000
