------------------------------------------------------------------------------------------------------------------------------------
                                                 Dump 30 ult.reg. Compl. Entr Mercad/Serv Terc                         Página:     1
-------------------------------------------------------------------------------------------------------------- TODAY - 00:00:00

SEQUENCIA POS. ++++.++++1++++.++++2++++.++++3++++.++++4++++.++++5++++.++++6++++.++++7++++.++++8++++.++++9++++.+++10

 0000299    1  012    0000007120505201177222         00000000000000000000000000000000000000000000000000000000000000
          101  0000000000000000000000000000000000000000000000000000000000000000000000000000000000000000000000000000
          201  0000000000000000000000000000                                                                        
 0000300    1  012    0000007130505201177222         00000000000000000000000000000000000000000000000000000000000000
          101  0000000000000000000000000000000000000000000000000000000000000000000000000000000000000000000000000000
          201  0000000000000000000000000000                                                                        
 0000301    1  012    0000033050904201178054         00000000000000000000000000000000000000000000000000000000000000
          101  0000000000000000000000000000000000000000000000000000000000000000000000000000000000000000000000000000
          201  0000000000000000000000000000                                                                        
 0000302    1  012    0000039810305201172063         00000000000000000000000000000000000000000000000000000000000000
          101  0000000000000000000000000000000000000000000000000000000000000000000000000000000000000000000000000000
          201  0000000000000000000000000000                                                                        
 0000303    1  012    0000066312004201178342         00000000000000000000000000000000000000000000000000000000000000
          101  0000000000000000000000000000000000000000000000000000000000000000000000000000000000000000000000000000
          201  0000000000000000000000000000                                                                        
 0000304    1  012    0000072752904201173499         00000000000000000000000000000000000000000000000000000000000000
          101  0000000000000000000000000000000000000000000000000000000000000000000000000000000000000000000000000000
          201  0000000000000000000000000000                                                                        
 0000305    1  012    0003519472904201173204         00000000000000000000000000000000000000000000000000000000000000
          101  0000000000000000000000000000000000000000000000000000000000000000000000000000000000000000000000000000
          201  0000000000000000000000000000                                                                        
 0000306    1  013    0000267712604201176719         00000000000000000000000000000000000000000000000000000000000000
          101  0000000000000000000000000000000000000000000000000000000000000000000000000000000000000000000000000000
          201  0000000000000000000000000000                                                                        
 0000307    1  014    0000016470505201170613         00000000000000000000000000000000000000000000000000000000000000
          101  0000000000000000000000000000000000000000000000000000000000000000000000000000000000000000000000000000
          201  0000000000000000000000000000                                                                        
 0000308    1  014    0000762982904201173090         00000000000000000000000000000000000000000000000000000000000000
          101  0000000000000000000000000000000000000000000000000000000000000000000000000000000000000000000000000000
          201  0000000000000000000000000000                                                                        
 0000309    1  08B1   0000004790305201177785         00000000000000000000000000000000000000000000000000000000000000
          101  0000000000000000000000000000000000000000000000000000000000000000000000000000000000000000000000000000
          201  0000000000000000000000000000                                                                        
 0000310    1  08U    0000166550405201171402         00000000000000000000000000000000000000000000000000000000000000
          101  0000000000000000000000000000000000000000000000000000000000000000000000000000000000000000000000000000
          201  0000000000000000000000000000                                                                        
 0000311    1  08U    0000822462804201175126         00000000000000000000000000000000000000000000000000000000000000
          101  0000000000000000000000000000000000000000000000000000000000000000000000000000000000000000000000000000
          201  0000000000000000000000000000                                                                        
 0000312    1  08U    0000823650405201175126         00000000000000000000000000000000000000000000000000000000000000
          101  0000000000000000000000000000000000000000000000000000000000000000000000000000000000000000000000000000
          201  0000000000000000000000000000                                                                        
 0000313    1  08U    0006417961904201178327         00000000000000000000000000000000000000000000000000000000000000
          101  0000000000000000000000000000000000000000000000000000000000000000000000000000000000000000000000000000
          201  0000000000000000000000000000                                                                        
 0000314    1  08U    0006417971904201178327         00000000000000000000000000000000000000000000000000000000000000
          101  0000000000000000000000000000000000000000000000000000000000000000000000000000000000000000000000000000
          201  0000000000000000000000000000                                                                        
 0000315    1  08U    0007259262804201170382         00000000000000000000000000000000000000000000000000000000000000
          101  0000000000000000000000000000000000000000000000000000000000000000000000000000000000000000000000000000
          201  0000000000000000000000000000                                                                        
 0000316    1  08U    0007333470405201170382         00000000000000000000000000000000000000000000000000000000000000
          101  0000000000000000000000000000000000000000000000000000000000000000000000000000000000000000000000000000
          201  0000000000000000000000000000                                                                        
 0000317    1  08U    0007360602804201170382         00000000000000000000000000000000000000000000000000000000000000
          101  0000000000000000000000000000000000000000000000000000000000000000000000000000000000000000000000000000
          201  0000000000000000000000000000                                                                        
------------------------------------------------------------------------------DATASUL - OBRIGAÇÕES FISCAIS - OF0739A - V:0.00.00.000
------------------------------------------------------------------------------------------------------------------------------------
                                                 Dump 30 ult.reg. Compl. Entr Mercad/Serv Terc                         Página:     2
-------------------------------------------------------------------------------------------------------------- TODAY - 00:00:00

SEQUENCIA POS. ++++.++++1++++.++++2++++.++++3++++.++++4++++.++++5++++.++++6++++.++++7++++.++++8++++.++++9++++.+++10

 0000318    1  011    0000010542005201114            00000000000000000000000000000000000000000000000000000000000000
          101  0000000000000000000000000000000000000000000000000000000000000000000000000000000000000000000000000000
          201  0000000000000000000000000000                                                                        
 0000319    1  011    000001116200520111             00000000000000000000000000000000000000000000000000000000000000
          101  0000000000000000000000000000000000000000000000000000000000000000000000000000000000000000000000000000
          201  0000000000000000000000000000                                                                        
 0000320    1  551    000001136200520111             00000000000000000000000000000000000000000000000000000000000000
          101  0000000000000000000000000000000000000000000000000000000000000000000000000000000000000000000000000000
          201  0000000000000000000000000000                                                                        
 0000321    1  551    000001145200520111             00000000000000000000000000000000000000000000000000000000000000
          101  0000000000000000000000000000000000000000000000000000000000000000000000000000000000000000000000000000
          201  0000000000000000000000000000                                                                        
 0000322    1  011    000001345200520111             00000000000000000000000000000000000000000000000000000000000000
          101  0000000000000000000000000000000000000000000000000000000000000000000000000000000000000000000000000000
          201  0000000000000000000000000000                                                                        
 0000323    1  011    000001409200520111             00000000000000000000000000000000000000000000000000000000000000
          101  0000000000000000000000000000000000000000000000000000000000000000000000000000000000000000000000000000
          201  0000000000000000000000000000                                                                        
 0000324    1  551    000001510200520111             00000000000000000000000000000000000000000000000000000000000000
          101  0000000000000000000000000000000000000000000000000000000000000000000000000000000000000000000000000000
          201  0000000000000000000000000000                                                                        
 0000325    1  011    0000016232005201114            00000000000000000000000000000000000000000000000000000000000000
          101  0000000000000000000000000000000000000000000000000000000000000000000000000000000000000000000000000000
          201  0000000000000000000000000000                                                                        
 0000326    1  551    000001227260520111             00000000000000000000000000000000000000000000000000000000000000
          101  0000000000000000000000000000000000000000000000000000000000000000000000000000000000000000000000000000
          201  0000000000000000000000000000                                                                        
 0000327    1  011    000001232260520111             00000000000000000000000000000000000000000000000000000000000000
          101  0000000000000000000000000000000000000000000000000000000000000000000000000000000000000000000000000000
          201  0000000000000000000000000000                                                                        
 0000328    1  551    000001409260520111             00000000000000000000000000000000000000000000000000000000000000
          101  0000000000000000000000000000000000000000000000000000000000000000000000000000000000000000000000000000
          201  0000000000000000000000000000                                                                        
























------------------------------------------------------------------------------DATASUL - OBRIGAÇÕES FISCAIS - OF0739A - V:0.00.00.000
