------------------------------------------------------------------------------------------------------------------------------------
                                                 Dump 30 ult.reg Arq Compl Entr Mercad/Serv Nao ICM                    Página:     1
-------------------------------------------------------------------------------------------------------------- TODAY - 00:00:00

SEQUENCIA POS. ++++.++++1++++.++++2++++.++++3++++.++++4++++.++++5++++.++++6++++.++++7++++.++++8++++.++++9++++.+++10

 0000001    1  5    0070520110105201118            0010600000000000000000000000000000000000000000000000000000000000
          101  0000000000000000000000000000000000060000000000000000000000000000000000000000000000000000000000000000
          201  0000000000000000000000000000001052011                                                               
 0000002    1  5    0091520110105201113            0010600000000000000000000000000000000000000000000000000000000000
          101  0000000000000000000000000000000000060000000000000000000000000000000000000000000000000000000000000000
          201  0000000000000000000000000000001052011                                                               
 0000003    1  1    0000010010305201113            0010100016500000000000500000000000000000000000000000000000000000
          101  0000000000000000000000000000082500010007600000000000050000000000000000000000000000000000000000000000
          201  0000000000000000000000038000003052011                                                               
 0000004    1  1    0000010060305201113            0010600000000000000000000000000000000000000000000000000000000000
          101  0000000000000000000000000000000000060000000000000000000000000000000000000000000000000000000000000000
          201  0000000000000000000000000000003052011                                                               
 0000005    1  1    0000010060305201113            0020600000000000000000000000000000000000000000000000000000000000
          101  0000000000000000000000000000000000060000000000000000000000000000000000000000000000000000000000000000
          201  0000000000000000000000000000003052011                                                               
 0000006    1  1    0000012410305201113            0010100016500000000000056000000000000000000000000000000000000000
          101  0000000000000000000000000000009240010007600000000000005600000000000000000000000000000000000000000000
          201  0000000000000000000000004256003052011                                                               
 0000007    1  1    0000012540305201113            0010600000000000000000000000000000000000000000000000000000000000
          101  0000000000000000000000000000000000060000000000000000000000000000000000000000000000000000000000000000
          201  0000000000000000000000000000003052011                                                               
 0000008    1  1    0000045780305201113            0010600000000000000000000000000000000000000000000000000000000000
          101  0000000000000000000000000000000000060000000000000000000000000000000000000000000000000000000000000000
          201  0000000000000000000000000000003052011                                                               
 0000009    1  1    0000045780305201113            0020100016500000000000064800000000000000000000000000000000000000
          101  0000000000000000000000000000010692010007600000000000006480000000000000000000000000000000000000000000
          201  0000000000000000000000004924803052011                                                               
 0000010    1  1    0000121570305201113            0010600000000000000000000000000000000000000000000000000000000000
          101  0000000000000000000000000000000000060000000000000000000000000000000000000000000000000000000000000000
          201  0000000000000000000000000000003052011                                                               
 0000011    1  1    0000145230305201113            0010600000000000000000000000000000000000000000000000000000000000
          101  0000000000000000000000000000000000060000000000000000000000000000000000000000000000000000000000000000
          201  0000000000000000000000000000003052011                                                               
 0000012    1  1    0000145780305201113            0010600000000000000000000000000000000000000000000000000000000000
          101  0000000000000000000000000000000000060000000000000000000000000000000000000000000000000000000000000000
          201  0000000000000000000000000000003052011                                                               
 0000013    1  1    0000145780305201113            0020600000000000000000000000000000000000000000000000000000000000
          101  0000000000000000000000000000000000060000000000000000000000000000000000000000000000000000000000000000
          201  0000000000000000000000000000003052011                                                               
 0000014    1  1    0000148560305201113            0010100016500000000000150000000000000000000000000000000000000000
          101  0000000000000000000000000000024750010007600000000000015000000000000000000000000000000000000000000000
          201  0000000000000000000000011400003052011                                                               















------------------------------------------------------------------------------DATASUL - OBRIGAÇÕES FISCAIS - OF0739A - V:0.00.00.000
