------------------------------------------------------------------------------------------------------------------------------------
                                                 Dump 30 ult.reg Arq Compl Entr Mercad/Serv Terc                       Página:     1
-------------------------------------------------------------------------------------------------------------- TODAY - 00:00:00

SEQUENCIA POS. ++++.++++1++++.++++2++++.++++3++++.++++4++++.++++5++++.++++6++++.++++7++++.++++8++++.++++9++++.+++10

 0000953    1  08U    0000166550405201171402         00106000000000000000000000000000000000000000000000000000000000
          101  0000000000000000000000000000000000000600000000000000000000000000000000000000000000000000000000000000
          201  000000000000000000000000000000006052011                                                             
 0000954    1  08U    0000166550405201171402         00206000000000000000000000000000000000000000000000000000000000
          101  0000000000000000000000000000000000000600000000000000000000000000000000000000000000000000000000000000
          201  000000000000000000000000000000006052011                                                             
 0000955    1  08U    0000166550405201171402         00306000000000000000000000000000000000000000000000000000000000
          101  0000000000000000000000000000000000000600000000000000000000000000000000000000000000000000000000000000
          201  000000000000000000000000000000006052011                                                             
 0000956    1  08U    0000166550405201171402         00406000000000000000000000000000000000000000000000000000000000
          101  0000000000000000000000000000000000000600000000000000000000000000000000000000000000000000000000000000
          201  000000000000000000000000000000006052011                                                             
 0000957    1  08U    0000166550405201171402         00506000000000000000000000000000000000000000000000000000000000
          101  0000000000000000000000000000000000000600000000000000000000000000000000000000000000000000000000000000
          201  000000000000000000000000000000006052011                                                             
 0000958    1  08U    0000166550405201171402         00606000000000000000000000000000000000000000000000000000000000
          101  0000000000000000000000000000000000000600000000000000000000000000000000000000000000000000000000000000
          201  000000000000000000000000000000006052011                                                             
 0000959    1  08U    0000166550405201171402         00706000000000000000000000000000000000000000000000000000000000
          101  0000000000000000000000000000000000000600000000000000000000000000000000000000000000000000000000000000
          201  000000000000000000000000000000006052011                                                             
 0000960    1  08U    0000166550405201171402         00806000000000000000000000000000000000000000000000000000000000
          101  0000000000000000000000000000000000000600000000000000000000000000000000000000000000000000000000000000
          201  000000000000000000000000000000006052011                                                             
 0000961    1  08U    0000166550405201171402         00906000000000000000000000000000000000000000000000000000000000
          101  0000000000000000000000000000000000000600000000000000000000000000000000000000000000000000000000000000
          201  000000000000000000000000000000006052011                                                             
 0000962    1  08U    0000166550405201171402         01006000000000000000000000000000000000000000000000000000000000
          101  0000000000000000000000000000000000000600000000000000000000000000000000000000000000000000000000000000
          201  000000000000000000000000000000006052011                                                             
 0000963    1  08U    0000822462804201175126         00106000000000000000000000000000000000000000000000000000000000
          101  0000000000000000000000000000000000000600000000000000000000000000000000000000000000000000000000000000
          201  000000000000000000000000000000006052011                                                             
 0000964    1  08U    0000823650405201175126         00106000000000000000000000000000000000000000000000000000000000
          101  0000000000000000000000000000000000000600000000000000000000000000000000000000000000000000000000000000
          201  000000000000000000000000000000006052011                                                             
 0000965    1  08U    0000823650405201175126         00206000000000000000000000000000000000000000000000000000000000
          101  0000000000000000000000000000000000000600000000000000000000000000000000000000000000000000000000000000
          201  000000000000000000000000000000006052011                                                             
 0000966    1  08U    0000823650405201175126         00306000000000000000000000000000000000000000000000000000000000
          101  0000000000000000000000000000000000000600000000000000000000000000000000000000000000000000000000000000
          201  000000000000000000000000000000006052011                                                             
 0000967    1  08U    0000823650405201175126         00406000000000000000000000000000000000000000000000000000000000
          101  0000000000000000000000000000000000000600000000000000000000000000000000000000000000000000000000000000
          201  000000000000000000000000000000006052011                                                             
 0000968    1  08U    0006417961904201178327         00109000000000000000000000000000000000000000000000000000000000
          101  0000000000000000000000000000000000000900000000000000000000000000000000000000000000000000000000000000
          201  000000000000000000000000000000006052011                                                             
 0000969    1  08U    0006417971904201178327         00109000000000000000000000000000000000000000000000000000000000
          101  0000000000000000000000000000000000000900000000000000000000000000000000000000000000000000000000000000
          201  000000000000000000000000000000006052011                                                             
 0000970    1  08U    0007259262804201170382         00107000000000000000000000000000000000000000000000000000000000
          101  0000000000000000000000000000000000000700000000000000000000000000000000000000000000000000000000000000
          201  000000000000000000000000000000006052011                                                             
 0000971    1  08U    0007333470405201170382         00106000000000000000000000000000000000000000000000000000000000
          101  0000000000000000000000000000000000000600000000000000000000000000000000000000000000000000000000000000
          201  000000000000000000000000000000006052011                                                             
------------------------------------------------------------------------------DATASUL - OBRIGAÇÕES FISCAIS - OF0739A - V:0.00.00.000
------------------------------------------------------------------------------------------------------------------------------------
                                                 Dump 30 ult.reg Arq Compl Entr Mercad/Serv Terc                       Página:     2
-------------------------------------------------------------------------------------------------------------- TODAY - 00:00:00

SEQUENCIA POS. ++++.++++1++++.++++2++++.++++3++++.++++4++++.++++5++++.++++6++++.++++7++++.++++8++++.++++9++++.+++10

 0000972    1  08U    0007360602804201170382         001  000000000000000000000000000000000000000000000000000000000
          101  000000000000000000000000000000000000  00000000000000000000000000000000000000000000000000000000000000
          201  000000000000000000000000000000006052011                                                             
 0000973    1  011    0000010542005201114            00107000000000000000000000000000000000000000000000000000000000
          101  0000000000000000000000000000000000000700000000000000000000000000000000000000000000000000000000000000
          201  000000000000000000000000000000020052011                                                             
 0000974    1  011    000001116200520111             00109000165000000000000014000000000000000000000000000000000000
          101  0000000000000000000000000000000002310900076000000000000001400000000000000000000000000000000000000000
          201  000000000000000000000000000106420052011                                                             
 0000975    1  551    000001136200520111             00101000165000000000000012000000000000000000000000000000000000
          101  0000000000000000000000000000000001980100076000000000000001200000000000000000000000000000000000000000
          201  000000000000000000000000000091220052011                                                             
 0000976    1  551    000001145200520111             00101000165000000000000033000000000000000000000000000000000000
          101  0000000000000000000000000000000005450100076000000000000003300000000000000000000000000000000000000000
          201  000000000000000000000000000250820052011                                                             
 0000977    1  011    000001345200520111             00101000165000000000000011000000000000000000000000000000000000
          101  0000000000000000000000000000000001820100076000000000000001100000000000000000000000000000000000000000
          201  000000000000000000000000000083620052011                                                             
 0000978    1  551    000001510200520111             00101000165000000000000016000000000000000000000000000000000000
          101  0000000000000000000000000000000002640100076000000000000001600000000000000000000000000000000000000000
          201  000000000000000000000000000121620052011                                                             
 0000979    1  011    0000016232005201114            00107000000000000000000000000000000000000000000000000000000000
          101  0000000000000000000000000000000000000700000000000000000000000000000000000000000000000000000000000000
          201  000000000000000000000000000000020052011                                                             
 0000980    1  551    000001227260520111             00109000165000000000000035000000000000000000000000000000000000
          101  0000000000000000000000000000000005770900076000000000000003500000000000000000000000000000000000000000
          201  000000000000000000000000000266026052011                                                             
 0000981    1  011    000001232260520111             00109000165000000000000056000000000000000000000000000000000000
          101  0000000000000000000000000000000009240900076000000000000005600000000000000000000000000000000000000000
          201  000000000000000000000000000425626052011                                                             
 0000982    1  551    000001409260520111             00150000165000000000000027500000000000000000000000000000000000
          101  0000000000000000000000000000000004545000076000000000000002750000000000000000000000000000000000000000
          201  000000000000000000000000000209026052011                                                             
























------------------------------------------------------------------------------DATASUL - OBRIGAÇÕES FISCAIS - OF0739A - V:0.00.00.000
